data/C3/dem.dat
ncols         89
nrows         61
xllcorner     604704
yllcorner     7083008
cellsize      16
NODATA_value  -9999
[rows 0 to 16 of 61, columns 0 to 36 of 89]
-9.999000000000000000e+03 -9.999000000000000000e+03 -9.999000000000000000e+03 -9.999000000000000000e+03 -9.999000000000000000e+03 -9.999000000000000000e+03 -9.999000000000000000e+03 -9.999000000000000000e+03 -9.999000000000000000e+03 2.260713000000000079e+02 2.251985999999999990e+02 2.243848999999999876e+02 2.237606000000000108e+02 2.229833000000000141e+02 2.229559999999999889e+02 2.224867999999999881e+02 -9.999000000000000000e+03 -9.999000000000000000e+03 -9.999000000000000000e+03 -9.999000000000000000e+03 -9.999000000000000000e+03 -9.999000000000000000e+03 -9.999000000000000000e+03 -9.999000000000000000e+03 -9.999000000000000000e+03 -9.999000000000000000e+03 -9.999000000000000000e+03 -9.999000000000000000e+03 -9.999000000000000000e+03 -9.999000000000000000e+03 -9.999000000000000000e+03 -9.999000000000000000e+03 -9.999000000000000000e+03 -9.999000000000000000e+03 -9.999000000000000000e+03 -9.999000000000000000e+03 -9.999000000000000000e+03
-9.999000000000000000e+03 -9.999000000000000000e+03 -9.999000000000000000e+03 -9.999000000000000000e+03 -9.999000000000000000e+03 -9.999000000000000000e+03 -9.999000000000000000e+03 -9.999000000000000000e+03 2.243118000000000052e+02 2.247079999999999984e+02 2.249989999999999952e+02 2.247727999999999895e+02 2.242629000000000019e+02 2.233187000000000069e+02 2.231323999999999899e+02 2.228753000000000100e+02 2.227503000000000100e+02 -9.999000000000000000e+03 -9.999000000000000000e+03 -9.999000000000000000e+03 -9.999000000000000000e+03 -9.999000000000000000e+03 -9.999000000000000000e+03 -9.999000000000000000e+03 -9.999000000000000000e+03 -9.999000000000000000e+03 -9.999000000000000000e+03 -9.999000000000000000e+03 -9.999000000000000000e+03 -9.999000000000000000e+03 -9.999000000000000000e+03 -9.999000000000000000e+03 -9.999000000000000000e+03 -9.999000000000000000e+03 -9.999000000000000000e+03 -9.999000000000000000e+03 -9.999000000000000000e+03
-9.999000000000000000e+03 -9.999000000000000000e+03 -9.999000000000000000e+03 -9.999000000000000000e+03 -9.999000000000000000e+03 -9.999000000000000000e+03 -9.999000000000000000e+03 -9.999000000000000000e+03 2.252872999999999877e+02 2.235566000000000031e+02 2.228779999999999859e+02 2.229678000000000111e+02 2.234410000000000025e+02 2.230446000000000026e+02 2.224484999999999957e+02 2.223552999999999997e+02 2.224995000000000118e+02 -9.999000000000000000e+03 -9.999000000000000000e+03 -9.999000000000000000e+03 -9.999000000000000000e+03 -9.999000000000000000e+03 -9.999000000000000000e+03 -9.999000000000000000e+03 -9.999000000000000000e+03 -9.999000000000000000e+03 -9.999000000000000000e+03 -9.999000000000000000e+03 -9.999000000000000000e+03 -9.999000000000000000e+03 -9.999000000000000000e+03 -9.999000000000000000e+03 -9.999000000000000000e+03 -9.999000000000000000e+03 -9.999000000000000000e+03 -9.999000000000000000e+03 -9.999000000000000000e+03
-9.999000000000000000e+03 -9.999000000000000000e+03 -9.999000000000000000e+03 -9.999000000000000000e+03 -9.999000000000000000e+03 -9.999000000000000000e+03 -9.999000000000000000e+03 -9.999000000000000000e+03 2.273686999999999898e+02 2.257883999999999958e+02 2.226011000000000024e+02 2.213794000000000040e+02 2.218249999999999886e+02 2.221862000000000137e+02 2.216288999999999874e+02 2.210919000000000096e+02 2.209371999999999900e+02 2.212994999999999948e+02 -9.999000000000000000e+03 -9.999000000000000000e+03 -9.999000000000000000e+03 -9.999000000000000000e+03 -9.999000000000000000e+03 -9.999000000000000000e+03 -9.999000000000000000e+03 -9.999000000000000000e+03 -9.999000000000000000e+03 -9.999000000000000000e+03 -9.999000000000000000e+03 -9.999000000000000000e+03 -9.999000000000000000e+03 -9.999000000000000000e+03 -9.999000000000000000e+03 -9.999000000000000000e+03 -9.999000000000000000e+03 -9.999000000000000000e+03 -9.999000000000000000e+03
-9.999000000000000000e+03 -9.999000000000000000e+03 -9.999000000000000000e+03 -9.999000000000000000e+03 -9.999000000000000000e+03 -9.999000000000000000e+03 -9.999000000000000000e+03 -9.999000000000000000e+03 2.268778000000000077e+02 2.264646999999999935e+02 2.244966000000000008e+02 2.218545000000000016e+02 2.212408000000000072e+02 2.214011999999999887e+02 2.212569000000000017e+02 2.205020000000000095e+02 2.198721999999999923e+02 2.203855000000000075e+02 2.213820000000000050e+02 -9.999000000000000000e+03 -9.999000000000000000e+03 -9.999000000000000000e+03 -9.999000000000000000e+03 -9.999000000000000000e+03 -9.999000000000000000e+03 -9.999000000000000000e+03 -9.999000000000000000e+03 -9.999000000000000000e+03 -9.999000000000000000e+03 -9.999000000000000000e+03 -9.999000000000000000e+03 -9.999000000000000000e+03 -9.999000000000000000e+03 -9.999000000000000000e+03 -9.999000000000000000e+03 -9.999000000000000000e+03 -9.999000000000000000e+03
-9.999000000000000000e+03 -9.999000000000000000e+03 -9.999000000000000000e+03 -9.999000000000000000e+03 -9.999000000000000000e+03 -9.999000000000000000e+03 -9.999000000000000000e+03 -9.999000000000000000e+03 -9.999000000000000000e+03 2.254050000000000011e+02 2.253438999999999908e+02 2.238705999999999960e+02 2.216444999999999936e+02 2.204300000000000068e+02 2.203711000000000126e+02 2.199308000000000050e+02 2.194519999999999982e+02 2.203214000000000112e+02 2.214378000000000100e+02 2.212348000000000070e+02 2.205769999999999982e+02 -9.999000000000000000e+03 -9.999000000000000000e+03 -9.999000000000000000e+03 -9.999000000000000000e+03 -9.999000000000000000e+03 -9.999000000000000000e+03 -9.999000000000000000e+03 -9.999000000000000000e+03 -9.999000000000000000e+03 -9.999000000000000000e+03 -9.999000000000000000e+03 -9.999000000000000000e+03 -9.999000000000000000e+03 -9.999000000000000000e+03 -9.999000000000000000e+03 2.060482000000000085e+02
-9.999000000000000000e+03 -9.999000000000000000e+03 -9.999000000000000000e+03 -9.999000000000000000e+03 -9.999000000000000000e+03 -9.999000000000000000e+03 -9.999000000000000000e+03 -9.999000000000000000e+03 -9.999000000000000000e+03 -9.999000000000000000e+03 2.251590999999999951e+02 2.251088000000000022e+02 2.231927000000000021e+02 2.209239000000000033e+02 2.196525000000000034e+02 2.194187000000000012e+02 2.194179000000000030e+02 2.201971000000000060e+02 2.209418000000000006e+02 2.207880000000000109e+02 2.201480999999999995e+02 2.202631000000000085e+02 2.210335000000000036e+02 -9.999000000000000000e+03 -9.999000000000000000e+03 -9.999000000000000000e+03 -9.999000000000000000e+03 -9.999000000000000000e+03 -9.999000000000000000e+03 -9.999000000000000000e+03 -9.999000000000000000e+03 -9.999000000000000000e+03 -9.999000000000000000e+03 -9.999000000000000000e+03 -9.999000000000000000e+03 2.098302999999999940e+02 2.083454999999999870e+02
-9.999000000000000000e+03 -9.999000000000000000e+03 -9.999000000000000000e+03 -9.999000000000000000e+03 -9.999000000000000000e+03 -9.999000000000000000e+03 -9.999000000000000000e+03 -9.999000000000000000e+03 -9.999000000000000000e+03 -9.999000000000000000e+03 2.244423999999999921e+02 2.255756000000000085e+02 2.243317999999999870e+02 2.221915999999999940e+02 2.200198000000000036e+02 2.193632000000000062e+02 2.197069999999999936e+02 2.199878999999999962e+02 2.201856999999999971e+02 2.205287999999999897e+02 2.200018000000000029e+02 2.194984000000000037e+02 2.201005999999999858e+02 2.199628999999999905e+02 2.195561999999999898e+02 -9.999000000000000000e+03 -9.999000000000000000e+03 -9.999000000000000000e+03 -9.999000000000000000e+03 -9.999000000000000000e+03 -9.999000000000000000e+03 -9.999000000000000000e+03 -9.999000000000000000e+03 2.133814999999999884e+02 2.126071000000000026e+02 2.118101000000000056e+02 2.111973000000000127e+02
-9.999000000000000000e+03 -9.999000000000000000e+03 -9.999000000000000000e+03 -9.999000000000000000e+03 -9.999000000000000000e+03 -9.999000000000000000e+03 -9.999000000000000000e+03 -9.999000000000000000e+03 -9.999000000000000000e+03 -9.999000000000000000e+03 2.240263999999999953e+02 2.244345999999999890e+02 2.244194999999999993e+02 2.232590999999999894e+02 2.207496999999999900e+02 2.194855000000000018e+02 2.198275999999999897e+02 2.202937000000000012e+02 2.200109999999999957e+02 2.203300000000000125e+02 2.198369999999999891e+02 2.192896000000000072e+02 2.195212999999999965e+02 2.190696000000000083e+02 2.188737000000000137e+02 2.182310999999999979e+02 -9.999000000000000000e+03 -9.999000000000000000e+03 -9.999000000000000000e+03 -9.999000000000000000e+03 -9.999000000000000000e+03 -9.999000000000000000e+03 2.147437999999999931e+02 2.137384000000000128e+02 2.134259999999999877e+02 2.125127999999999986e+02 2.122293999999999983e+02
-9.999000000000000000e+03 -9.999000000000000000e+03 -9.999000000000000000e+03 -9.999000000000000000e+03 -9.999000000000000000e+03 -9.999000000000000000e+03 -9.999000000000000000e+03 -9.999000000000000000e+03 -9.999000000000000000e+03 -9.999000000000000000e+03 2.225922999999999945e+02 2.232652999999999963e+02 2.233646999999999991e+02 2.236665000000000134e+02 2.217884999999999991e+02 2.196896000000000129e+02 2.190011000000000081e+02 2.195555999999999983e+02 2.199605999999999995e+02 2.206148000000000025e+02 2.200181000000000040e+02 2.193594999999999970e+02 2.196411999999999978e+02 2.192821000000000140e+02 2.181931999999999903e+02 2.177356000000000051e+02 2.175173000000000059e+02 -9.999000000000000000e+03 -9.999000000000000000e+03 -9.999000000000000000e+03 2.176714000000000055e+02 2.169271999999999991e+02 2.156584000000000003e+02 2.145903999999999883e+02 2.143218999999999994e+02 2.133667000000000087e+02 2.123086999999999875e+02
-9.999000000000000000e+03 -9.999000000000000000e+03 -9.999000000000000000e+03 -9.999000000000000000e+03 -9.999000000000000000e+03 -9.999000000000000000e+03 -9.999000000000000000e+03 -9.999000000000000000e+03 -9.999000000000000000e+03 -9.999000000000000000e+03 2.218821000000000083e+02 2.218662999999999954e+02 2.221675999999999931e+02 2.226040000000000134e+02 2.224455000000000098e+02 2.204464000000000112e+02 2.191168999999999869e+02 2.185526999999999873e+02 2.187330000000000041e+02 2.198421999999999912e+02 2.201956000000000131e+02 2.198256000000000085e+02 2.197635999999999967e+02 2.194187000000000012e+02 2.184795000000000016e+02 2.176043999999999983e+02 2.169725999999999999e+02 2.170766000000000133e+02 2.178509999999999991e+02 2.185603999999999871e+02 2.184258000000000095e+02 2.177917999999999950e+02 2.172149000000000001e+02 2.158692000000000064e+02 2.150800999999999874e+02 2.142187999999999874e+02 2.130690999999999917e+02
-9.999000000000000000e+03 -9.999000000000000000e+03 -9.999000000000000000e+03 -9.999000000000000000e+03 -9.999000000000000000e+03 -9.999000000000000000e+03 -9.999000000000000000e+03 -9.999000000000000000e+03 -9.999000000000000000e+03 -9.999000000000000000e+03 2.212735999999999876e+02 2.213532999999999902e+02 2.208399000000000001e+02 2.209632000000000005e+02 2.218539000000000101e+02 2.212640000000000100e+02 2.200268000000000086e+02 2.186627000000000010e+02 2.180174000000000092e+02 2.185149999999999864e+02 2.192697000000000003e+02 2.194068000000000040e+02 2.193129999999999882e+02 2.190195999999999970e+02 2.184966000000000008e+02 2.176390000000000100e+02 2.170475999999999885e+02 2.179754000000000076e+02 2.186129999999999995e+02 2.184970000000000141e+02 2.180775999999999897e+02 2.180275000000000034e+02 2.178567999999999927e+02 2.174300000000000068e+02 2.168439999999999941e+02 2.154501999999999953e+02 2.141959999999999980e+02
-9.999000000000000000e+03 -9.999000000000000000e+03 -9.999000000000000000e+03 -9.999000000000000000e+03 -9.999000000000000000e+03 -9.999000000000000000e+03 -9.999000000000000000e+03 -9.999000000000000000e+03 -9.999000000000000000e+03 2.194379999999999882e+02 2.198006000000000029e+02 2.203810000000000002e+02 2.200361000000000047e+02 2.198440999999999974e+02 2.204358000000000004e+02 2.205586000000000126e+02 2.203221000000000060e+02 2.192524999999999977e+02 2.178837000000000046e+02 2.171884000000000015e+02 2.171310000000000002e+02 2.175974999999999966e+02 2.184413000000000125e+02 2.181673999999999864e+02 2.181257999999999981e+02 2.176417999999999893e+02 2.170885000000000105e+02 2.176127999999999929e+02 2.182361999999999966e+02 2.181939999999999884e+02 2.177192000000000007e+02 2.178112999999999886e+02 2.180268000000000086e+02 2.178257999999999868e+02 2.171631999999999891e+02 2.164496000000000038e+02 2.154216999999999871e+02
-9.999000000000000000e+03 -9.999000000000000000e+03 -9.999000000000000000e+03 -9.999000000000000000e+03 -9.999000000000000000e+03 -9.999000000000000000e+03 -9.999000000000000000e+03 2.177713999999999999e+02 2.176151000000000124e+02 2.178742000000000019e+02 2.182329000000000008e+02 2.186973000000000127e+02 2.190731000000000108e+02 2.189558000000000106e+02 2.191174000000000035e+02 2.193555000000000064e+02 2.191848999999999990e+02 2.188503000000000043e+02 2.179790999999999883e+02 2.170349999999999966e+02 2.163692000000000064e+02 2.160732000000000141e+02 2.167489999999999952e+02 2.173334000000000117e+02 2.174716999999999985e+02 2.174071999999999889e+02 2.166069999999999993e+02 2.164866000000000099e+02 2.173953999999999951e+02 2.177632000000000119e+02 2.178068000000000097e+02 2.177652999999999963e+02 2.179547000000000025e+02 2.177404999999999973e+02 2.175114000000000090e+02 2.170141000000000133e+02 2.160286999999999864e+02
-9.999000000000000000e+03 -9.999000000000000000e+03 -9.999000000000000000e+03 -9.999000000000000000e+03 -9.999000000000000000e+03 -9.999000000000000000e+03 2.184736000000000047e+02 2.178528000000000020e+02 2.169675000000000011e+02 2.167083000000000084e+02 2.169336999999999875e+02 2.172093999999999880e+02 2.174071999999999889e+02 2.174329999999999927e+02 2.180339999999999918e+02 2.183531000000000120e+02 2.180107000000000141e+02 2.177804999999999893e+02 2.177900999999999954e+02 2.172701999999999884e+02 2.165346000000000117e+02 2.156102999999999952e+02 2.154744000000000028e+02 2.159576000000000136e+02 2.164479000000000042e+02 2.166242000000000019e+02 2.160217000000000098e+02 2.159920999999999935e+02 2.167339000000000055e+02 2.169184999999999945e+02 2.171152999999999906e+02 2.176614999999999895e+02 2.177309999999999945e+02 2.174240000000000066e+02 2.173479000000000099e+02 2.172010999999999967e+02 2.163697999999999979e+02
-9.999000000000000000e+03 -9.999000000000000000e+03 -9.999000000000000000e+03 -9.999000000000000000e+03 -9.999000000000000000e+03 2.159166999999999916e+02 2.166650999999999954e+02 2.174316000000000031e+02 2.172901999999999987e+02 2.168704999999999927e+02 2.164310000000000116e+02 2.164071999999999889e+02 2.163044999999999902e+02 2.161896000000000129e+02 2.170953000000000088e+02 2.182978999999999985e+02 2.174936999999999898e+02 2.170671000000000106e+02 2.172150000000000034e+02 2.172007000000000119e+02 2.169516999999999882e+02 2.160997999999999877e+02 2.152984999999999900e+02 2.148926999999999907e+02 2.147777000000000100e+02 2.150319000000000074e+02 2.151065999999999860e+02 2.153255000000000052e+02 2.156105000000000018e+02 2.157634999999999934e+02 2.160841000000000065e+02 2.166100999999999885e+02 2.170652000000000044e+02 2.168303999999999974e+02 2.166802999999999884e+02 2.169150999999999954e+02 2.164267999999999859e+02
-9.999000000000000000e+03 -9.999000000000000000e+03 -9.999000000000000000e+03 -9.999000000000000000e+03 2.133785000000000025e+02 2.145276000000000067e+02 2.152384000000000128e+02 2.163678999999999917e+02 2.171166000000000054e+02 2.168703999999999894e+02 2.162803000000000111e+02 2.157258999999999958e+02 2.153495000000000061e+02 2.153307000000000073e+02 2.161979000000000042e+02 2.175983999999999980e+02 2.177258999999999958e+02 2.172091000000000065e+02 2.169304999999999950e+02 2.170215000000000032e+02 2.169898000000000025e+02 2.167045999999999992e+02 2.161846999999999923e+02 2.152907999999999902e+02 2.140159999999999911e+02 2.134930999999999983e+02 2.134475999999999942e+02 2.137761000000000138e+02 2.146975999999999942e+02 2.155763000000000034e+02 2.157513999999999896e+02 2.158043999999999869e+02 2.157300999999999931e+02 2.159379999999999882e+02 2.162410999999999888e+02 2.162322000000000060e+02 2.162064000000000021e+02
