data/C3/dem.dat
ncols         89
nrows         61
xllcorner     604704
yllcorner     7083008
cellsize      16
NODATA_value  -9999
[rows 17 to 33 of 61, columns 0 to 36 of 89]
-9.999000000000000000e+03 -9.999000000000000000e+03 2.118853000000000009e+02 2.118985999999999876e+02 2.121500000000000057e+02 2.129903999999999940e+02 2.135918000000000063e+02 2.141451999999999884e+02 2.152061999999999955e+02 2.161081000000000074e+02 2.160892000000000053e+02 2.156887999999999863e+02 2.149615000000000009e+02 2.143648000000000025e+02 2.145058999999999969e+02 2.157872000000000128e+02 2.167891999999999939e+02 2.167335999999999956e+02 2.167186000000000092e+02 2.164722999999999900e+02 2.163752000000000066e+02 2.163403000000000134e+02 2.159602999999999895e+02 2.154694000000000074e+02 2.146050999999999931e+02 2.134629999999999939e+02 2.125379000000000076e+02 2.125480000000000018e+02 2.140069000000000017e+02 2.155961000000000070e+02 2.160717999999999961e+02 2.157132000000000005e+02 2.149604999999999961e+02 2.149972999999999956e+02 2.153716000000000008e+02 2.155535999999999888e+02 2.155826999999999884e+02
-9.999000000000000000e+03 -9.999000000000000000e+03 2.119250000000000114e+02 2.119518999999999949e+02 2.118772999999999911e+02 2.118420000000000130e+02 2.119482000000000141e+02 2.123125000000000000e+02 2.133688999999999965e+02 2.146665000000000134e+02 2.152264000000000124e+02 2.152178999999999860e+02 2.150946000000000140e+02 2.142099000000000046e+02 2.135167999999999893e+02 2.134000000000000057e+02 2.140158999999999878e+02 2.151005000000000109e+02 2.155869000000000142e+02 2.152761999999999887e+02 2.156082000000000107e+02 2.159026000000000067e+02 2.157005000000000052e+02 2.149696999999999889e+02 2.144934000000000083e+02 2.137802000000000078e+02 2.128175999999999988e+02 2.121345000000000027e+02 2.127031000000000063e+02 2.141731000000000051e+02 2.149695000000000107e+02 2.153517999999999972e+02 2.155198000000000036e+02 2.153264000000000067e+02 2.151081000000000074e+02 2.150552999999999884e+02 2.149985000000000070e+02
-9.999000000000000000e+03 2.140740000000000123e+02 2.120718999999999994e+02 2.119353999999999871e+02 2.119182000000000130e+02 2.118340000000000032e+02 2.117852000000000032e+02 2.117744000000000142e+02 2.127241999999999962e+02 2.134242999999999881e+02 2.146759999999999877e+02 2.149575000000000102e+02 2.143289000000000044e+02 2.143399000000000001e+02 2.133119000000000085e+02 2.126186999999999898e+02 2.124463000000000079e+02 2.129095000000000084e+02 2.135306999999999960e+02 2.142547999999999888e+02 2.145074999999999932e+02 2.151065999999999860e+02 2.150107999999999890e+02 2.145083999999999946e+02 2.144254999999999995e+02 2.140910000000000082e+02 2.132933999999999912e+02 2.123931000000000040e+02 2.121179999999999950e+02 2.121090000000000089e+02 2.129380999999999915e+02 2.139495000000000005e+02 2.149218999999999937e+02 2.150252999999999872e+02 2.144287999999999954e+02 2.144661000000000115e+02 2.141331999999999880e+02
2.185640999999999963e+02 2.168685999999999865e+02 2.145844999999999914e+02 2.124017000000000053e+02 2.118508999999999958e+02 2.117709999999999866e+02 2.117056000000000040e+02 2.116165000000000020e+02 2.118747999999999934e+02 2.127514999999999930e+02 2.134729000000000099e+02 2.138916000000000111e+02 2.135240000000000009e+02 2.136861000000000104e+02 2.131247999999999934e+02 2.123371999999999957e+02 2.117823999999999955e+02 2.117159000000000049e+02 2.119698999999999955e+02 2.124738000000000113e+02 2.125991999999999962e+02 2.128350000000000080e+02 2.133365000000000009e+02 2.135849000000000046e+02 2.139912999999999954e+02 2.140942000000000007e+02 2.135592000000000041e+02 2.128008000000000095e+02 2.121516000000000020e+02 2.115613999999999919e+02 2.118754999999999882e+02 2.127369999999999948e+02 2.135078000000000031e+02 2.142068999999999903e+02 2.140601000000000056e+02 2.136320000000000050e+02 2.133081999999999994e+02
2.192522999999999911e+02 2.185213999999999999e+02 2.169855000000000018e+02 2.146392999999999915e+02 2.128357000000000028e+02 2.120340999999999951e+02 2.116501000000000090e+02 2.115635000000000048e+02 2.114646999999999935e+02 2.115537999999999954e+02 2.117359999999999900e+02 2.124877999999999929e+02 2.130404000000000053e+02 2.127762999999999920e+02 2.123404999999999916e+02 2.118507999999999925e+02 2.114248000000000047e+02 2.109074999999999989e+02 2.102273999999999887e+02 2.102855000000000132e+02 2.105517999999999859e+02 2.104800999999999931e+02 2.112643999999999949e+02 2.116842000000000041e+02 2.128300000000000125e+02 2.133748999999999967e+02 2.130894000000000119e+02 2.121937000000000069e+02 2.115432999999999879e+02 2.108980999999999995e+02 2.108766999999999996e+02 2.115246999999999957e+02 2.120275000000000034e+02 2.121935000000000002e+02 2.126343999999999994e+02 2.127836000000000070e+02 2.122684999999999889e+02
-9.999000000000000000e+03 2.188011999999999944e+02 2.182112999999999943e+02 2.167000999999999920e+02 2.147315000000000111e+02 2.130151999999999930e+02 2.119080999999999904e+02 2.115893000000000086e+02 2.114307000000000016e+02 2.113317999999999870e+02 2.112016999999999882e+02 2.116721000000000004e+02 2.126014000000000124e+02 2.124319999999999879e+02 2.118170000000000073e+02 2.113671999999999969e+02 2.112857999999999947e+02 2.110075999999999965e+02 2.100490000000000066e+02 2.090666999999999973e+02 2.090717999999999961e+02 2.094262999999999977e+02 2.097680000000000007e+02 2.101228000000000122e+02 2.105331999999999937e+02 2.114065999999999974e+02 2.115793999999999926e+02 2.111282999999999959e+02 2.106245000000000118e+02 2.103323000000000036e+02 2.096714000000000055e+02 2.093137999999999863e+02 2.097738999999999976e+02 2.101091000000000122e+02 2.102428999999999917e+02 2.110922999999999945e+02 2.110403000000000020e+02
-9.999000000000000000e+03 -9.999000000000000000e+03 2.175942000000000007e+02 2.172275999999999954e+02 2.160833000000000084e+02 2.148154999999999859e+02 2.140270999999999901e+02 2.122076999999999884e+02 2.114874000000000080e+02 2.113617999999999881e+02 2.111778999999999940e+02 2.110732999999999890e+02 2.112478999999999871e+02 2.116149000000000058e+02 2.113144000000000062e+02 2.112077999999999918e+02 2.107695999999999970e+02 2.102545000000000073e+02 2.100038999999999874e+02 2.090046000000000106e+02 2.079935000000000116e+02 2.077949999999999875e+02 2.081879999999999882e+02 2.086158000000000072e+02 2.087519000000000062e+02 2.093599000000000103e+02 2.094097999999999900e+02 2.095481000000000051e+02 2.095390999999999906e+02 2.094435000000000002e+02 2.090065999999999917e+02 2.083491999999999962e+02 2.080148000000000081e+02 2.079139999999999873e+02 2.081337000000000046e+02 2.090103000000000009e+02 2.104010000000000105e+02
-9.999000000000000000e+03 -9.999000000000000000e+03 -9.999000000000000000e+03 2.172792000000000030e+02 2.169036000000000115e+02 2.159308000000000050e+02 2.153906000000000063e+02 2.144028999999999883e+02 2.123811000000000035e+02 2.114225999999999885e+02 2.112034999999999911e+02 2.110381999999999891e+02 2.109087000000000103e+02 2.118692000000000064e+02 2.111962000000000046e+02 2.108470000000000084e+02 2.104603999999999928e+02 2.099198000000000093e+02 2.093263000000000034e+02 2.087515999999999963e+02 2.077537000000000091e+02 2.068152000000000044e+02 2.064651000000000067e+02 2.067538999999999874e+02 2.072264000000000124e+02 2.076819000000000131e+02 2.080486999999999966e+02 2.091331000000000131e+02 2.097712999999999965e+02 2.091570000000000107e+02 2.088140999999999963e+02 2.083112999999999886e+02 2.075714000000000112e+02 2.068996999999999957e+02 2.069089999999999918e+02 2.076745999999999981e+02 2.090223000000000013e+02
-9.999000000000000000e+03 -9.999000000000000000e+03 -9.999000000000000000e+03 -9.999000000000000000e+03 -9.999000000000000000e+03 2.166816000000000031e+02 2.157865999999999929e+02 2.147821999999999889e+02 2.133023000000000025e+02 2.116666999999999916e+02 2.113158999999999992e+02 2.111276000000000010e+02 2.108298000000000059e+02 2.114636999999999887e+02 2.122659999999999911e+02 2.112866999999999962e+02 2.105021999999999878e+02 2.099682999999999993e+02 2.093694000000000131e+02 2.085793999999999926e+02 2.078352999999999895e+02 2.069896999999999991e+02 2.061742000000000132e+02 2.056242000000000019e+02 2.058036999999999921e+02 2.065290999999999997e+02 2.073875999999999920e+02 2.084496000000000038e+02 2.090072000000000116e+02 2.083754999999999882e+02 2.080937000000000126e+02 2.081351999999999975e+02 2.079838000000000022e+02 2.072202000000000055e+02 2.065664999999999907e+02 2.066407000000000096e+02 2.076862000000000137e+02
-9.999000000000000000e+03 -9.999000000000000000e+03 -9.999000000000000000e+03 -9.999000000000000000e+03 -9.999000000000000000e+03 -9.999000000000000000e+03 2.159461000000000013e+02 2.150442999999999927e+02 2.138154000000000110e+02 2.125380000000000109e+02 2.113507999999999925e+02 2.111020000000000039e+02 2.108349000000000046e+02 2.107015000000000100e+02 2.112960999999999956e+02 2.115696000000000083e+02 2.114945999999999913e+02 2.104489000000000090e+02 2.094746000000000095e+02 2.085999999999999943e+02 2.078689999999999998e+02 2.071599999999999966e+02 2.065409999999999968e+02 2.056200000000000045e+02 2.052769999999999868e+02 2.060237999999999943e+02 2.068919999999999959e+02 2.080810999999999922e+02 2.081024999999999920e+02 2.073448999999999955e+02 2.069367000000000019e+02 2.067264999999999873e+02 2.080895999999999901e+02 2.078581000000000074e+02 2.069360000000000070e+02 2.057573999999999899e+02 2.060252000000000123e+02
-9.999000000000000000e+03 -9.999000000000000000e+03 -9.999000000000000000e+03 -9.999000000000000000e+03 -9.999000000000000000e+03 -9.999000000000000000e+03 -9.999000000000000000e+03 2.141709999999999923e+02 2.144379000000000133e+02 2.140221999999999980e+02 2.120170999999999992e+02 2.110846999999999980e+02 2.109188000000000045e+02 2.107056000000000040e+02 2.103999000000000024e+02 2.103674000000000035e+02 2.111519000000000119e+02 2.110412000000000035e+02 2.100088000000000079e+02 2.088492999999999995e+02 2.079270999999999958e+02 2.073117000000000019e+02 2.065662000000000091e+02 2.058452000000000055e+02 2.051581999999999937e+02 2.049113999999999862e+02 2.051096000000000004e+02 2.061932999999999936e+02 2.068906000000000063e+02 2.063388999999999953e+02 2.056796999999999969e+02 2.047828000000000088e+02 2.048447999999999922e+02 2.055961000000000070e+02 2.063175999999999988e+02 2.056581999999999937e+02 2.041168000000000120e+02
-9.999000000000000000e+03 -9.999000000000000000e+03 -9.999000000000000000e+03 -9.999000000000000000e+03 -9.999000000000000000e+03 -9.999000000000000000e+03 -9.999000000000000000e+03 2.133728000000000122e+02 2.139302999999999884e+02 2.148085000000000093e+02 2.145826000000000136e+02 2.130663000000000125e+02 2.121670000000000016e+02 2.110671000000000106e+02 2.104198000000000093e+02 2.099693000000000040e+02 2.095666999999999973e+02 2.094475999999999942e+02 2.090951000000000022e+02 2.086654000000000053e+02 2.081810999999999865e+02 2.075420000000000016e+02 2.069285999999999888e+02 2.062790999999999997e+02 2.055217000000000098e+02 2.048344999999999914e+02 2.039909000000000106e+02 2.034622999999999990e+02 2.037907999999999902e+02 2.043705999999999960e+02 2.039129000000000076e+02 2.034482999999999890e+02 2.026204999999999927e+02 2.023411999999999864e+02 2.029183999999999912e+02 2.035678000000000054e+02 2.032698000000000036e+02
-9.999000000000000000e+03 -9.999000000000000000e+03 -9.999000000000000000e+03 -9.999000000000000000e+03 -9.999000000000000000e+03 -9.999000000000000000e+03 -9.999000000000000000e+03 -9.999000000000000000e+03 2.124992000000000019e+02 2.147407000000000039e+02 2.155634000000000015e+02 2.151439000000000021e+02 2.150064000000000135e+02 2.136045000000000016e+02 2.121773000000000025e+02 2.107701000000000136e+02 2.102082000000000050e+02 2.092899999999999920e+02 2.086509000000000071e+02 2.082747999999999990e+02 2.080906999999999982e+02 2.077273000000000138e+02 2.070646999999999878e+02 2.063945999999999970e+02 2.057406000000000006e+02 2.050165000000000077e+02 2.041331999999999880e+02 2.030389000000000124e+02 2.023145000000000095e+02 2.021246999999999900e+02 2.020797000000000025e+02 2.016741000000000099e+02 2.012759000000000071e+02 2.006447000000000003e+02 2.002167000000000030e+02 2.005125999999999920e+02 2.008334000000000117e+02
-9.999000000000000000e+03 -9.999000000000000000e+03 -9.999000000000000000e+03 -9.999000000000000000e+03 -9.999000000000000000e+03 -9.999000000000000000e+03 -9.999000000000000000e+03 -9.999000000000000000e+03 -9.999000000000000000e+03 2.138114999999999952e+02 2.146962000000000046e+02 2.148268999999999949e+02 2.149702000000000055e+02 2.143249000000000137e+02 2.126991999999999905e+02 2.123554000000000030e+02 2.133000000000000114e+02 2.120848000000000013e+02 2.089053999999999860e+02 2.081975999999999942e+02 2.074719000000000051e+02 2.072266999999999939e+02 2.068301999999999907e+02 2.061033999999999935e+02 2.055322999999999922e+02 2.047578000000000031e+02 2.041101999999999919e+02 2.032232999999999947e+02 2.022887000000000057e+02 2.013173999999999921e+02 2.007470000000000141e+02 2.003793000000000006e+02 1.998969999999999914e+02 1.992487999999999886e+02 1.985866000000000042e+02 1.984472000000000094e+02 1.983585999999999956e+02
-9.999000000000000000e+03 -9.999000000000000000e+03 -9.999000000000000000e+03 -9.999000000000000000e+03 -9.999000000000000000e+03 -9.999000000000000000e+03 -9.999000000000000000e+03 -9.999000000000000000e+03 -9.999000000000000000e+03 -9.999000000000000000e+03 2.133083000000000027e+02 2.138654999999999973e+02 2.136870000000000118e+02 2.132643999999999949e+02 2.127937000000000012e+02 2.126734999999999900e+02 2.138889000000000067e+02 2.152767000000000053e+02 2.134687000000000126e+02 2.102410999999999888e+02 2.077101000000000113e+02 2.065877999999999872e+02 2.062264999999999873e+02 2.055603000000000122e+02 2.050029999999999859e+02 2.043146999999999878e+02 2.037199999999999989e+02 2.034256000000000029e+02 2.028900999999999897e+02 2.013840999999999894e+02 2.003837000000000046e+02 1.995244999999999891e+02 1.988291999999999859e+02 1.982322000000000060e+02 1.977723000000000013e+02 1.974645999999999901e+02 1.971708999999999889e+02
-9.999000000000000000e+03 -9.999000000000000000e+03 -9.999000000000000000e+03 -9.999000000000000000e+03 -9.999000000000000000e+03 -9.999000000000000000e+03 -9.999000000000000000e+03 -9.999000000000000000e+03 -9.999000000000000000e+03 -9.999000000000000000e+03 -9.999000000000000000e+03 -9.999000000000000000e+03 2.117838000000000136e+02 2.117417000000000087e+02 2.121520999999999901e+02 2.125189000000000021e+02 2.131491000000000042e+02 2.148293999999999926e+02 2.156392999999999915e+02 2.144795000000000016e+02 2.108264000000000067e+02 2.071428999999999974e+02 2.061126999999999896e+02 2.053411999999999864e+02 2.045408999999999935e+02 2.038937999999999988e+02 2.034079000000000121e+02 2.035309000000000026e+02 2.039274000000000058e+02 2.019746000000000095e+02 2.006057999999999879e+02 1.995944000000000074e+02 1.986862000000000137e+02 1.979636000000000138e+02 1.974989999999999952e+02 1.971040000000000134e+02 1.967386999999999944e+02
-9.999000000000000000e+03 -9.999000000000000000e+03 -9.999000000000000000e+03 -9.999000000000000000e+03 -9.999000000000000000e+03 -9.999000000000000000e+03 -9.999000000000000000e+03 -9.999000000000000000e+03 -9.999000000000000000e+03 -9.999000000000000000e+03 -9.999000000000000000e+03 -9.999000000000000000e+03 -9.999000000000000000e+03 2.112597000000000094e+02 2.118780999999999892e+02 2.125163000000000011e+02 2.129036000000000115e+02 2.141075999999999908e+02 2.149525999999999897e+02 2.143521000000000072e+02 2.127711999999999932e+02 2.103776000000000010e+02 2.070756000000000085e+02 2.055746000000000038e+02 2.048026000000000124e+02 2.040649999999999977e+02 2.034069000000000074e+02 2.029955999999999960e+02 2.032353999999999985e+02 2.031595000000000084e+02 2.012657000000000096e+02 2.001902000000000044e+02 1.991201000000000079e+02 1.981449000000000069e+02 1.975340999999999951e+02 1.971397000000000048e+02 1.965843999999999880e+02
