data/C3/dem.dat
ncols         89
nrows         61
xllcorner     604704
yllcorner     7083008
cellsize      16
NODATA_value  -9999
[rows 17 to 33 of 61, columns 37 to 73 of 89]
2.157393999999999892e+02 2.150189000000000021e+02 2.133509999999999991e+02 2.126380000000000052e+02 2.119994000000000085e+02 2.103530000000000086e+02 2.102083000000000084e+02 2.096348999999999876e+02 2.087043999999999926e+02 2.062786000000000115e+02 2.045939999999999941e+02 2.034298000000000002e+02 2.019164000000000101e+02 2.010264999999999986e+02 2.000172000000000025e+02 1.995915999999999997e+02 2.008762999999999863e+02 1.992992000000000132e+02 1.965057999999999936e+02 1.956407000000000096e+02 1.952912000000000035e+02 1.952721999999999980e+02 1.953642999999999859e+02 1.954917000000000087e+02 -9.999000000000000000e+03 -9.999000000000000000e+03 -9.999000000000000000e+03 -9.999000000000000000e+03 -9.999000000000000000e+03 -9.999000000000000000e+03 -9.999000000000000000e+03 -9.999000000000000000e+03 -9.999000000000000000e+03 -9.999000000000000000e+03 -9.999000000000000000e+03 -9.999000000000000000e+03 -9.999000000000000000e+03
2.153282000000000096e+02 2.144499999999999886e+02 2.126399000000000115e+02 2.121731000000000051e+02 2.115009000000000015e+02 2.102523999999999944e+02 2.088362999999999943e+02 2.082520000000000095e+02 2.068924000000000092e+02 2.051582999999999970e+02 2.044495000000000005e+02 2.034954999999999927e+02 2.020612999999999886e+02 2.008384000000000071e+02 1.999413000000000125e+02 1.990358999999999980e+02 1.996086999999999989e+02 1.985486999999999966e+02 1.966942999999999984e+02 1.959148999999999887e+02 1.953335999999999899e+02 1.950278000000000134e+02 1.951115000000000066e+02 1.952204999999999870e+02 -9.999000000000000000e+03 -9.999000000000000000e+03 -9.999000000000000000e+03 -9.999000000000000000e+03 -9.999000000000000000e+03 -9.999000000000000000e+03 -9.999000000000000000e+03 -9.999000000000000000e+03 -9.999000000000000000e+03 -9.999000000000000000e+03 -9.999000000000000000e+03 -9.999000000000000000e+03 -9.999000000000000000e+03
2.143857000000000141e+02 2.140437000000000012e+02 2.125189000000000021e+02 2.115683999999999969e+02 2.103629999999999995e+02 2.094655999999999949e+02 2.086491000000000042e+02 2.067618999999999971e+02 2.052990000000000066e+02 2.045259000000000071e+02 2.039891000000000076e+02 2.033481999999999914e+02 2.027554000000000087e+02 2.019239000000000033e+02 2.007130999999999972e+02 1.997641999999999882e+02 1.988892999999999915e+02 1.978300000000000125e+02 1.966886000000000081e+02 1.959123999999999910e+02 1.952070999999999970e+02 1.948397999999999968e+02 1.947435000000000116e+02 1.948694000000000131e+02 -9.999000000000000000e+03 -9.999000000000000000e+03 -9.999000000000000000e+03 -9.999000000000000000e+03 -9.999000000000000000e+03 -9.999000000000000000e+03 -9.999000000000000000e+03 -9.999000000000000000e+03 -9.999000000000000000e+03 -9.999000000000000000e+03 -9.999000000000000000e+03 -9.999000000000000000e+03 -9.999000000000000000e+03
2.133995999999999924e+02 2.132333000000000141e+02 2.119992000000000019e+02 2.106751999999999896e+02 2.098945999999999970e+02 2.084238000000000000e+02 2.072262000000000057e+02 2.055510999999999910e+02 2.043294999999999959e+02 2.039585999999999899e+02 2.038372999999999990e+02 2.045026000000000010e+02 2.050809000000000140e+02 2.037401000000000124e+02 2.019055999999999926e+02 2.006645000000000039e+02 2.003112000000000137e+02 1.997903000000000020e+02 1.980480000000000018e+02 1.962184000000000026e+02 1.950716999999999928e+02 1.947049000000000092e+02 1.945514000000000010e+02 1.945458999999999889e+02 1.949330999999999960e+02 -9.999000000000000000e+03 -9.999000000000000000e+03 -9.999000000000000000e+03 -9.999000000000000000e+03 -9.999000000000000000e+03 -9.999000000000000000e+03 -9.999000000000000000e+03 -9.999000000000000000e+03 -9.999000000000000000e+03 -9.999000000000000000e+03 -9.999000000000000000e+03 -9.999000000000000000e+03
2.124474999999999909e+02 2.117102999999999895e+02 2.107490999999999985e+02 2.092416000000000054e+02 2.084011000000000138e+02 2.070945000000000107e+02 2.055320000000000107e+02 2.043868999999999971e+02 2.038303999999999974e+02 2.039635000000000105e+02 2.051162999999999954e+02 2.060324999999999989e+02 2.062838999999999885e+02 2.052547000000000139e+02 2.032692999999999870e+02 2.017604000000000042e+02 2.011268000000000029e+02 2.006767000000000110e+02 1.993573000000000093e+02 1.979401000000000010e+02 1.960397000000000105e+02 1.947348000000000070e+02 1.945398999999999887e+02 1.944123999999999910e+02 1.944253999999999962e+02 1.946767999999999859e+02 -9.999000000000000000e+03 -9.999000000000000000e+03 -9.999000000000000000e+03 -9.999000000000000000e+03 -9.999000000000000000e+03 -9.999000000000000000e+03 -9.999000000000000000e+03 -9.999000000000000000e+03 -9.999000000000000000e+03 -9.999000000000000000e+03 -9.999000000000000000e+03
2.112704999999999984e+02 2.107752999999999872e+02 2.106162999999999954e+02 2.090360000000000014e+02 2.072817000000000007e+02 2.060129000000000019e+02 2.047281000000000120e+02 2.038997999999999990e+02 2.035244999999999891e+02 2.055365999999999929e+02 2.073766999999999996e+02 2.064799999999999898e+02 2.060699999999999932e+02 2.057407000000000039e+02 2.041738000000000000e+02 2.031736999999999966e+02 2.020749000000000137e+02 2.009643000000000086e+02 1.997677999999999940e+02 1.988152000000000044e+02 1.978666000000000054e+02 1.956132000000000062e+02 1.945886999999999887e+02 1.943896000000000015e+02 1.942416000000000054e+02 1.942895000000000039e+02 1.945110999999999990e+02 -9.999000000000000000e+03 -9.999000000000000000e+03 -9.999000000000000000e+03 -9.999000000000000000e+03 -9.999000000000000000e+03 -9.999000000000000000e+03 -9.999000000000000000e+03 -9.999000000000000000e+03 -9.999000000000000000e+03 -9.999000000000000000e+03
2.110893000000000086e+02 2.108807999999999936e+02 2.102915000000000134e+02 2.096837999999999909e+02 2.082214999999999918e+02 2.055609000000000037e+02 2.045235000000000127e+02 2.035331999999999937e+02 2.036491000000000042e+02 2.067505999999999915e+02 2.081912000000000091e+02 2.068748999999999967e+02 2.055440000000000111e+02 2.047504000000000133e+02 2.039305999999999983e+02 2.038748999999999967e+02 2.031337000000000046e+02 2.018534999999999968e+02 2.006801000000000101e+02 1.995914999999999964e+02 1.984264000000000010e+02 1.964680999999999926e+02 1.949721999999999866e+02 1.943660999999999888e+02 1.942310999999999979e+02 1.941430000000000007e+02 1.941759999999999877e+02 -9.999000000000000000e+03 -9.999000000000000000e+03 -9.999000000000000000e+03 -9.999000000000000000e+03 -9.999000000000000000e+03 -9.999000000000000000e+03 -9.999000000000000000e+03 -9.999000000000000000e+03 -9.999000000000000000e+03 -9.999000000000000000e+03
2.104656999999999982e+02 2.105620999999999867e+02 2.101690999999999860e+02 2.091350999999999942e+02 2.078077999999999861e+02 2.056368999999999971e+02 2.036876000000000033e+02 2.031045000000000016e+02 2.033475999999999999e+02 2.053646999999999991e+02 2.072889000000000124e+02 2.069550000000000125e+02 2.051146999999999991e+02 2.041738000000000000e+02 2.035990999999999929e+02 2.031407000000000096e+02 2.029313999999999965e+02 2.027484000000000037e+02 2.017572000000000116e+02 2.003325000000000102e+02 1.988008000000000095e+02 1.973800999999999988e+02 1.954396999999999878e+02 1.943531000000000120e+02 1.942443000000000097e+02 1.941166000000000054e+02 1.943580000000000041e+02 1.942516999999999996e+02 -9.999000000000000000e+03 -9.999000000000000000e+03 -9.999000000000000000e+03 -9.999000000000000000e+03 -9.999000000000000000e+03 -9.999000000000000000e+03 -9.999000000000000000e+03 -9.999000000000000000e+03 -9.999000000000000000e+03
2.091639000000000124e+02 2.095294000000000096e+02 2.096713000000000022e+02 2.091331999999999880e+02 2.080735999999999990e+02 2.056384999999999934e+02 2.034560999999999922e+02 2.026016999999999939e+02 2.024564000000000021e+02 2.037218000000000018e+02 2.047707000000000050e+02 2.053380999999999972e+02 2.044134999999999991e+02 2.033995999999999924e+02 2.029219999999999970e+02 2.028323000000000036e+02 2.027789999999999964e+02 2.024167999999999950e+02 2.018542999999999950e+02 2.007161000000000115e+02 1.996372000000000071e+02 1.985516000000000076e+02 1.968532999999999902e+02 1.947281000000000120e+02 1.941911000000000058e+02 1.940418999999999983e+02 1.941913999999999874e+02 1.944144000000000005e+02 1.940463000000000022e+02 -9.999000000000000000e+03 -9.999000000000000000e+03 -9.999000000000000000e+03 -9.999000000000000000e+03 -9.999000000000000000e+03 -9.999000000000000000e+03 -9.999000000000000000e+03 -9.999000000000000000e+03
2.070083999999999946e+02 2.075245999999999924e+02 2.083050000000000068e+02 2.079354999999999905e+02 2.083151000000000010e+02 2.053380999999999972e+02 2.031307999999999936e+02 2.020592000000000041e+02 2.017016000000000133e+02 2.024108999999999980e+02 2.026383999999999901e+02 2.034587999999999965e+02 2.035595000000000141e+02 2.027803000000000111e+02 2.023273000000000081e+02 2.026411999999999978e+02 2.024496000000000038e+02 2.013460000000000036e+02 2.005694000000000017e+02 2.002706000000000017e+02 1.995917000000000030e+02 1.989439999999999884e+02 1.979793999999999983e+02 1.961941999999999950e+02 1.945138000000000034e+02 1.940688000000000102e+02 1.938891000000000133e+02 1.940277000000000100e+02 1.941526000000000067e+02 1.937450000000000045e+02 -9.999000000000000000e+03 -9.999000000000000000e+03 -9.999000000000000000e+03 -9.999000000000000000e+03 -9.999000000000000000e+03 -9.999000000000000000e+03 -9.999000000000000000e+03
2.044693000000000040e+02 2.051697000000000060e+02 2.050467999999999904e+02 2.057882999999999925e+02 2.066600999999999999e+02 2.043344999999999914e+02 2.028868999999999971e+02 2.019665999999999997e+02 2.012605000000000075e+02 2.014302000000000135e+02 2.015817999999999870e+02 2.020816000000000088e+02 2.022413999999999987e+02 2.022918999999999983e+02 2.020557000000000016e+02 2.013734000000000037e+02 2.010673999999999921e+02 2.002053999999999974e+02 1.994639999999999986e+02 1.989373999999999967e+02 1.986613000000000113e+02 1.980825000000000102e+02 1.974608000000000061e+02 1.964812000000000012e+02 1.952143000000000086e+02 1.943267999999999915e+02 1.937547000000000139e+02 1.935506000000000029e+02 1.937170999999999879e+02 1.937802000000000078e+02 1.933060999999999865e+02 -9.999000000000000000e+03 -9.999000000000000000e+03 -9.999000000000000000e+03 -9.999000000000000000e+03 -9.999000000000000000e+03 -9.999000000000000000e+03
2.021331999999999880e+02 2.023389999999999986e+02 2.023795000000000073e+02 2.033705999999999960e+02 2.040055999999999869e+02 2.036491000000000042e+02 2.026788999999999987e+02 2.019190999999999860e+02 2.011174000000000035e+02 2.008469000000000051e+02 2.006768999999999892e+02 2.004155000000000086e+02 2.006776999999999873e+02 2.009014999999999986e+02 2.010172000000000025e+02 2.004600000000000080e+02 1.999515000000000100e+02 1.993385000000000105e+02 1.986657999999999902e+02 1.979432999999999936e+02 1.972365000000000066e+02 1.969671999999999912e+02 1.966425000000000125e+02 1.962637000000000000e+02 1.957206999999999937e+02 1.948209999999999980e+02 1.938016000000000076e+02 1.932755999999999972e+02 1.930853999999999928e+02 1.931818000000000097e+02 1.930423999999999864e+02 1.924062000000000126e+02 -9.999000000000000000e+03 -9.999000000000000000e+03 -9.999000000000000000e+03 -9.999000000000000000e+03 -9.999000000000000000e+03
2.002137999999999920e+02 2.000047000000000139e+02 2.002972000000000037e+02 2.012607999999999890e+02 2.023281000000000063e+02 2.021081000000000074e+02 2.018900999999999897e+02 2.016761999999999944e+02 2.013017000000000110e+02 2.007723000000000013e+02 2.003317999999999870e+02 1.995777999999999963e+02 1.994960000000000093e+02 1.998396999999999935e+02 1.997860000000000014e+02 1.996062000000000012e+02 1.994488000000000056e+02 1.985013999999999896e+02 1.976810999999999865e+02 1.970114000000000090e+02 1.964020999999999901e+02 1.961458000000000084e+02 1.958558999999999912e+02 1.953059000000000083e+02 1.953269999999999982e+02 1.951526000000000067e+02 1.940183000000000106e+02 1.931599999999999966e+02 1.926861000000000104e+02 1.923598000000000070e+02 1.923555000000000064e+02 1.922059999999999889e+02 -9.999000000000000000e+03 -9.999000000000000000e+03 -9.999000000000000000e+03 -9.999000000000000000e+03 -9.999000000000000000e+03
1.983643999999999892e+02 1.981966999999999928e+02 1.991590999999999951e+02 2.000897999999999968e+02 2.006739000000000033e+02 2.007692999999999870e+02 2.009742999999999995e+02 2.007133000000000038e+02 2.009153000000000020e+02 2.006804999999999950e+02 2.000777999999999963e+02 1.987450000000000045e+02 1.983425000000000011e+02 1.988954999999999984e+02 1.990783999999999878e+02 1.989866000000000099e+02 1.983745999999999867e+02 1.974420000000000073e+02 1.965535000000000139e+02 1.960775999999999897e+02 1.955791999999999859e+02 1.953006000000000029e+02 1.947720999999999947e+02 1.945646000000000129e+02 1.943719000000000108e+02 1.945604999999999905e+02 1.938352999999999895e+02 1.931661000000000001e+02 1.925681999999999903e+02 1.919464999999999861e+02 1.917852000000000032e+02 1.916851000000000056e+02 1.913437999999999874e+02 -9.999000000000000000e+03 -9.999000000000000000e+03 -9.999000000000000000e+03 -9.999000000000000000e+03
1.971268000000000029e+02 1.971005999999999858e+02 1.986700999999999908e+02 1.995529999999999973e+02 1.997338000000000022e+02 1.993860999999999990e+02 2.001593000000000018e+02 1.996543000000000063e+02 1.998940000000000055e+02 1.993055999999999983e+02 1.988492999999999995e+02 1.986353000000000009e+02 1.983164999999999907e+02 1.980983999999999980e+02 1.983963999999999999e+02 1.981908999999999992e+02 1.975680000000000121e+02 1.968568999999999960e+02 1.960700999999999965e+02 1.955166999999999859e+02 1.949122000000000128e+02 1.945175999999999874e+02 1.942848999999999933e+02 1.940595999999999890e+02 1.936741000000000099e+02 1.933211000000000013e+02 1.930520999999999958e+02 1.928679999999999950e+02 1.924978000000000122e+02 1.916807000000000016e+02 1.913679999999999950e+02 1.910872999999999990e+02 1.909014999999999986e+02 1.909063999999999908e+02 1.910817999999999870e+02 -9.999000000000000000e+03 -9.999000000000000000e+03
1.965050999999999988e+02 1.967964000000000055e+02 1.987083000000000084e+02 1.995755000000000052e+02 1.994062000000000126e+02 1.983060999999999865e+02 1.987803000000000111e+02 1.994617000000000075e+02 1.990296999999999912e+02 1.991990000000000123e+02 1.986955000000000098e+02 1.983192999999999984e+02 1.979707999999999970e+02 1.978951000000000136e+02 1.976767000000000110e+02 1.973731999999999971e+02 1.970648999999999944e+02 1.967323000000000093e+02 1.961521999999999935e+02 1.955621999999999900e+02 1.948505000000000109e+02 1.944550999999999874e+02 1.942786999999999864e+02 1.939812000000000012e+02 1.934147000000000105e+02 1.928180999999999869e+02 1.923768000000000029e+02 1.922317999999999927e+02 1.923975000000000080e+02 1.920305999999999926e+02 1.911621000000000095e+02 1.907236000000000047e+02 1.904453000000000031e+02 1.903966000000000065e+02 1.906939999999999884e+02 1.912686999999999955e+02 1.910911999999999864e+02
1.961810000000000116e+02 1.961931999999999903e+02 1.979401000000000010e+02 1.989969000000000108e+02 1.988609999999999900e+02 1.976193000000000097e+02 1.977308999999999912e+02 1.988080999999999960e+02 1.990604999999999905e+02 1.989257000000000062e+02 1.979904999999999973e+02 1.975374999999999943e+02 1.974809999999999945e+02 1.977009999999999934e+02 1.975303999999999860e+02 1.970450999999999908e+02 1.967159000000000049e+02 1.965866000000000042e+02 1.962301999999999964e+02 1.956399999999999864e+02 1.947907999999999902e+02 1.943053999999999917e+02 1.941998000000000104e+02 1.941485999999999876e+02 1.938331000000000017e+02 1.930843999999999880e+02 1.923882000000000119e+02 1.919287999999999954e+02 1.920507000000000062e+02 1.920500000000000114e+02 1.915218000000000131e+02 1.907271000000000072e+02 1.903778000000000077e+02 1.899781000000000120e+02 1.900541000000000054e+02 1.906452999999999918e+02 1.905732999999999890e+02
