data/C3/flowacc.dat
ncols         89
nrows         61
xllcorner     604704
yllcorner     7083008
cellsize      16
NODATA_value  -9999
[rows 0 to 16 of 61, columns 0 to 36 of 89]
-9.999000000000000000e+03 -9.999000000000000000e+03 -9.999000000000000000e+03 -9.999000000000000000e+03 -9.999000000000000000e+03 -9.999000000000000000e+03 -9.999000000000000000e+03 -9.999000000000000000e+03 -9.999000000000000000e+03 2.560000000000000000e+02 2.560000000000000000e+02 5.120000000000000000e+02 7.680000000000000000e+02 1.132088831999999911e+03 1.388088831999999911e+03 1.644088831999999911e+03 -9.999000000000000000e+03 -9.999000000000000000e+03 -9.999000000000000000e+03 -9.999000000000000000e+03 -9.999000000000000000e+03 -9.999000000000000000e+03 -9.999000000000000000e+03 -9.999000000000000000e+03 -9.999000000000000000e+03 -9.999000000000000000e+03 -9.999000000000000000e+03 -9.999000000000000000e+03 -9.999000000000000000e+03 -9.999000000000000000e+03 -9.999000000000000000e+03 -9.999000000000000000e+03 -9.999000000000000000e+03 -9.999000000000000000e+03 -9.999000000000000000e+03 -9.999000000000000000e+03 -9.999000000000000000e+03
-9.999000000000000000e+03 -9.999000000000000000e+03 -9.999000000000000000e+03 -9.999000000000000000e+03 -9.999000000000000000e+03 -9.999000000000000000e+03 -9.999000000000000000e+03 -9.999000000000000000e+03 3.527111168000000134e+02 4.152888831999999866e+02 2.560000000000000000e+02 2.560000000000000000e+02 2.560000000000000000e+02 4.039110911999999871e+02 2.560000000000000000e+02 2.560000000000000000e+02 2.560000000000000000e+02 -9.999000000000000000e+03 -9.999000000000000000e+03 -9.999000000000000000e+03 -9.999000000000000000e+03 -9.999000000000000000e+03 -9.999000000000000000e+03 -9.999000000000000000e+03 -9.999000000000000000e+03 -9.999000000000000000e+03 -9.999000000000000000e+03 -9.999000000000000000e+03 -9.999000000000000000e+03 -9.999000000000000000e+03 -9.999000000000000000e+03 -9.999000000000000000e+03 -9.999000000000000000e+03 -9.999000000000000000e+03 -9.999000000000000000e+03 -9.999000000000000000e+03 -9.999000000000000000e+03
-9.999000000000000000e+03 -9.999000000000000000e+03 -9.999000000000000000e+03 -9.999000000000000000e+03 -9.999000000000000000e+03 -9.999000000000000000e+03 -9.999000000000000000e+03 -9.999000000000000000e+03 2.844444672000000196e+02 1.259140736000000061e+03 1.421505868799999917e+03 4.949333247999999799e+02 2.560000000000000000e+02 2.560000000000000000e+02 8.760888575999999830e+02 7.224888832000000320e+02 3.413333503999999721e+02 -9.999000000000000000e+03 -9.999000000000000000e+03 -9.999000000000000000e+03 -9.999000000000000000e+03 -9.999000000000000000e+03 -9.999000000000000000e+03 -9.999000000000000000e+03 -9.999000000000000000e+03 -9.999000000000000000e+03 -9.999000000000000000e+03 -9.999000000000000000e+03 -9.999000000000000000e+03 -9.999000000000000000e+03 -9.999000000000000000e+03 -9.999000000000000000e+03 -9.999000000000000000e+03 -9.999000000000000000e+03 -9.999000000000000000e+03 -9.999000000000000000e+03 -9.999000000000000000e+03
-9.999000000000000000e+03 -9.999000000000000000e+03 -9.999000000000000000e+03 -9.999000000000000000e+03 -9.999000000000000000e+03 -9.999000000000000000e+03 -9.999000000000000000e+03 -9.999000000000000000e+03 2.560000000000000000e+02 2.560000000000000000e+02 1.400183116800000107e+03 3.836839680000000044e+03 4.209777920000000222e+02 3.242666752000000088e+02 6.773570559999999432e+02 1.508566886399999930e+03 7.097205248000000211e+02 2.560000000000000000e+02 -9.999000000000000000e+03 -9.999000000000000000e+03 -9.999000000000000000e+03 -9.999000000000000000e+03 -9.999000000000000000e+03 -9.999000000000000000e+03 -9.999000000000000000e+03 -9.999000000000000000e+03 -9.999000000000000000e+03 -9.999000000000000000e+03 -9.999000000000000000e+03 -9.999000000000000000e+03 -9.999000000000000000e+03 -9.999000000000000000e+03 -9.999000000000000000e+03 -9.999000000000000000e+03 -9.999000000000000000e+03 -9.999000000000000000e+03 -9.999000000000000000e+03
-9.999000000000000000e+03 -9.999000000000000000e+03 -9.999000000000000000e+03 -9.999000000000000000e+03 -9.999000000000000000e+03 -9.999000000000000000e+03 -9.999000000000000000e+03 -9.999000000000000000e+03 2.560000000000000000e+02 2.560000000000000000e+02 7.793778175999999576e+02 1.118182732799999940e+03 5.832249087999999574e+03 4.937955584000000044e+02 2.560000000000000000e+02 9.333570559999999432e+02 2.950476799999999912e+03 5.802666752000000088e+02 2.560000000000000000e+02 -9.999000000000000000e+03 -9.999000000000000000e+03 -9.999000000000000000e+03 -9.999000000000000000e+03 -9.999000000000000000e+03 -9.999000000000000000e+03 -9.999000000000000000e+03 -9.999000000000000000e+03 -9.999000000000000000e+03 -9.999000000000000000e+03 -9.999000000000000000e+03 -9.999000000000000000e+03 -9.999000000000000000e+03 -9.999000000000000000e+03 -9.999000000000000000e+03 -9.999000000000000000e+03 -9.999000000000000000e+03 -9.999000000000000000e+03
-9.999000000000000000e+03 -9.999000000000000000e+03 -9.999000000000000000e+03 -9.999000000000000000e+03 -9.999000000000000000e+03 -9.999000000000000000e+03 -9.999000000000000000e+03 -9.999000000000000000e+03 -9.999000000000000000e+03 5.120000000000000000e+02 2.560000000000000000e+02 5.120000000000000000e+02 8.703999999999999773e+02 7.562126591999999619e+03 3.970086143999999990e+02 4.039110911999999871e+02 4.887514111999999841e+03 4.949333247999999799e+02 2.560000000000000000e+02 2.560000000000000000e+02 3.185777919999999881e+02 -9.999000000000000000e+03 -9.999000000000000000e+03 -9.999000000000000000e+03 -9.999000000000000000e+03 -9.999000000000000000e+03 -9.999000000000000000e+03 -9.999000000000000000e+03 -9.999000000000000000e+03 -9.999000000000000000e+03 -9.999000000000000000e+03 -9.999000000000000000e+03 -9.999000000000000000e+03 -9.999000000000000000e+03 -9.999000000000000000e+03 -9.999000000000000000e+03 4.961466368000000330e+03
-9.999000000000000000e+03 -9.999000000000000000e+03 -9.999000000000000000e+03 -9.999000000000000000e+03 -9.999000000000000000e+03 -9.999000000000000000e+03 -9.999000000000000000e+03 -9.999000000000000000e+03 -9.999000000000000000e+03 -9.999000000000000000e+03 2.560000000000000000e+02 2.560000000000000000e+02 5.347555839999999989e+02 8.301985280000000103e+02 9.003720703999999387e+03 9.622352639999999155e+03 6.223644416000000092e+03 2.901333248000000253e+02 2.560000000000000000e+02 2.560000000000000000e+02 9.500444159999999556e+02 2.560000000000000000e+02 2.560000000000000000e+02 -9.999000000000000000e+03 -9.999000000000000000e+03 -9.999000000000000000e+03 -9.999000000000000000e+03 -9.999000000000000000e+03 -9.999000000000000000e+03 -9.999000000000000000e+03 -9.999000000000000000e+03 -9.999000000000000000e+03 -9.999000000000000000e+03 -9.999000000000000000e+03 -9.999000000000000000e+03 3.426779136000000108e+03 1.644026368000000048e+03
-9.999000000000000000e+03 -9.999000000000000000e+03 -9.999000000000000000e+03 -9.999000000000000000e+03 -9.999000000000000000e+03 -9.999000000000000000e+03 -9.999000000000000000e+03 -9.999000000000000000e+03 -9.999000000000000000e+03 -9.999000000000000000e+03 2.560000000000000000e+02 2.560000000000000000e+02 2.730666752000000201e+02 5.859555840000000444e+02 8.218547968000000310e+02 1.737993472000000111e+04 2.560000000000000000e+02 7.680000000000000000e+02 4.266666496000000279e+02 2.560000000000000000e+02 4.835555327999999804e+02 1.961402470400000084e+03 3.242666752000000088e+02 2.560000000000000000e+02 2.560000000000000000e+02 -9.999000000000000000e+03 -9.999000000000000000e+03 -9.999000000000000000e+03 -9.999000000000000000e+03 -9.999000000000000000e+03 -9.999000000000000000e+03 -9.999000000000000000e+03 -9.999000000000000000e+03 6.162963200000000370e+02 2.989228799999999865e+03 1.021220812799999976e+03 1.233800780799999984e+03
-9.999000000000000000e+03 -9.999000000000000000e+03 -9.999000000000000000e+03 -9.999000000000000000e+03 -9.999000000000000000e+03 -9.999000000000000000e+03 -9.999000000000000000e+03 -9.999000000000000000e+03 -9.999000000000000000e+03 -9.999000000000000000e+03 5.120000000000000000e+02 2.560000000000000000e+02 2.560000000000000000e+02 2.730666752000000201e+02 5.912652031999999735e+02 1.828206592000000092e+04 2.560000000000000000e+02 2.560000000000000000e+02 2.560000000000000000e+02 2.560000000000000000e+02 6.143999999999999773e+02 3.072000000000000000e+03 4.200675839999999880e+03 4.966399999999999636e+03 3.356444415999999933e+02 5.006222336000000155e+02 -9.999000000000000000e+03 -9.999000000000000000e+03 -9.999000000000000000e+03 -9.999000000000000000e+03 -9.999000000000000000e+03 -9.999000000000000000e+03 8.533333248000000140e+02 2.116932351999999810e+03 8.644245504000000437e+02 8.170757376000000249e+02 3.458518015999999875e+02
-9.999000000000000000e+03 -9.999000000000000000e+03 -9.999000000000000000e+03 -9.999000000000000000e+03 -9.999000000000000000e+03 -9.999000000000000000e+03 -9.999000000000000000e+03 -9.999000000000000000e+03 -9.999000000000000000e+03 -9.999000000000000000e+03 9.386666751999999860e+02 3.413333503999999721e+02 2.560000000000000000e+02 2.560000000000000000e+02 3.527111168000000134e+02 6.676227327999999943e+02 1.971642367999999988e+04 5.575111167999999680e+02 2.560000000000000000e+02 2.560000000000000000e+02 2.560000000000000000e+02 7.680000000000000000e+02 2.560000000000000000e+02 3.413333503999999721e+02 5.744260863999999856e+03 4.448744703999999729e+03 5.118735616000000164e+02 -9.999000000000000000e+03 -9.999000000000000000e+03 -9.999000000000000000e+03 2.560000000000000000e+02 7.680000000000000000e+02 7.964444671999999628e+02 1.303766963199999964e+03 4.471466752000000042e+02 1.010832691199999999e+03 1.545360640000000103e+03
-9.999000000000000000e+03 -9.999000000000000000e+03 -9.999000000000000000e+03 -9.999000000000000000e+03 -9.999000000000000000e+03 -9.999000000000000000e+03 -9.999000000000000000e+03 -9.999000000000000000e+03 -9.999000000000000000e+03 -9.999000000000000000e+03 1.173807360000000017e+03 7.035259392000000389e+02 4.266666496000000279e+02 2.560000000000000000e+02 2.560000000000000000e+02 3.982222335999999814e+02 8.147753215999999838e+02 2.142321919999999955e+04 7.167999999999999545e+02 2.560000000000000000e+02 2.560000000000000000e+02 2.560000000000000000e+02 2.560000000000000000e+02 2.560000000000000000e+02 4.209777920000000222e+02 2.730759168000000045e+03 9.984000000000000000e+03 1.024000000000000000e+03 5.120000000000000000e+02 2.560000000000000000e+02 2.560000000000000000e+02 2.560000000000000000e+02 5.120000000000000000e+02 7.167999999999999545e+02 7.313382400000000416e+02 5.023358976000000098e+02 1.193353728000000046e+03
-9.999000000000000000e+03 -9.999000000000000000e+03 -9.999000000000000000e+03 -9.999000000000000000e+03 -9.999000000000000000e+03 -9.999000000000000000e+03 -9.999000000000000000e+03 -9.999000000000000000e+03 -9.999000000000000000e+03 -9.999000000000000000e+03 1.429807360000000017e+03 2.560000000000000000e+02 1.414637056000000030e+03 4.835555327999999804e+02 2.560000000000000000e+02 2.560000000000000000e+02 3.071999999999999886e+02 6.951822591999999759e+02 2.302528512000000046e+04 6.200888575999999830e+02 2.844444672000000196e+02 2.560000000000000000e+02 3.242666752000000088e+02 4.437333247999999912e+02 2.560000000000000000e+02 5.006222336000000155e+02 9.063032319999999800e+02 2.560000000000000000e+02 2.560000000000000000e+02 2.560000000000000000e+02 3.015111168000000248e+02 2.560000000000000000e+02 2.560000000000000000e+02 5.120000000000000000e+02 3.982222335999999814e+02 8.817777664000000186e+02 8.463802368000000342e+02
-9.999000000000000000e+03 -9.999000000000000000e+03 -9.999000000000000000e+03 -9.999000000000000000e+03 -9.999000000000000000e+03 -9.999000000000000000e+03 -9.999000000000000000e+03 -9.999000000000000000e+03 -9.999000000000000000e+03 7.008289792000000489e+02 1.417334016000000020e+03 3.356444415999999933e+02 1.261964108800000076e+03 1.279072870400000056e+03 3.811555584000000181e+02 2.560000000000000000e+02 2.560000000000000000e+02 3.527111168000000134e+02 7.940930048000000170e+02 2.443850240000000122e+04 6.533372928000000002e+02 7.509333503999999948e+02 2.560000000000000000e+02 6.800118528000000424e+02 2.757214976000000206e+02 2.560000000000000000e+02 2.787555583999999840e+02 2.560000000000000000e+02 2.560000000000000000e+02 2.560000000000000000e+02 1.024000000000000000e+03 2.560000000000000000e+02 2.560000000000000000e+02 2.560000000000000000e+02 6.257777664000000186e+02 5.120000000000000000e+02 4.323555584000000067e+02
-9.999000000000000000e+03 -9.999000000000000000e+03 -9.999000000000000000e+03 -9.999000000000000000e+03 -9.999000000000000000e+03 -9.999000000000000000e+03 -9.999000000000000000e+03 2.560000000000000000e+02 4.117397760000000062e+02 1.210541312000000062e+03 1.383222169599999916e+03 1.089264384000000064e+03 9.010039040000000341e+02 1.594363775999999916e+03 6.461313536000000113e+02 4.437333247999999912e+02 2.560000000000000000e+02 2.560000000000000000e+02 2.560000000000000000e+02 7.414046720000000050e+02 2.585262080000000060e+04 1.436979609600000003e+03 9.157425663999999870e+02 4.806394624000000135e+02 4.581957375999999726e+02 2.560000000000000000e+02 7.267871744000000263e+02 1.039549696000000040e+03 4.892444416000000160e+02 1.302755583999999999e+03 2.560000000000000000e+02 2.560000000000000000e+02 2.560000000000000000e+02 2.560000000000000000e+02 2.560000000000000000e+02 2.560000000000000000e+02 4.608000000000000114e+02
-9.999000000000000000e+03 -9.999000000000000000e+03 -9.999000000000000000e+03 -9.999000000000000000e+03 -9.999000000000000000e+03 -9.999000000000000000e+03 2.560000000000000000e+02 2.560000000000000000e+02 9.875945471999999654e+02 2.953663743999999951e+03 1.598104115200000024e+03 1.219155968000000030e+03 1.052278015999999980e+03 2.231329279999999926e+03 4.857356032000000141e+02 5.222400000000000091e+02 6.269155328000000509e+02 5.745777663999999731e+02 2.560000000000000000e+02 2.560000000000000000e+02 6.997333247999999912e+02 2.789938432000000103e+04 1.896286131200000000e+03 7.877572608000000400e+02 4.494604287999999883e+02 2.560000000000000000e+02 1.160974335999999994e+03 1.632270080000000007e+03 6.323516160000000355e+02 1.273426175999999941e+03 6.769777920000000222e+02 2.560000000000000000e+02 2.560000000000000000e+02 5.120000000000000000e+02 2.560000000000000000e+02 2.560000000000000000e+02 3.868444415999999819e+02
-9.999000000000000000e+03 -9.999000000000000000e+03 -9.999000000000000000e+03 -9.999000000000000000e+03 -9.999000000000000000e+03 3.868444415999999819e+02 3.811555584000000181e+02 2.560000000000000000e+02 2.560000000000000000e+02 2.560000000000000000e+02 4.884652288000000226e+03 1.356536319999999932e+03 1.357620736000000079e+03 3.139918208000000050e+03 8.402341376000000537e+02 2.560000000000000000e+02 3.395887359999999831e+02 1.798826649600000110e+03 4.266666496000000279e+02 2.560000000000000000e+02 2.560000000000000000e+02 6.030222079999999778e+02 2.901440768000000025e+04 3.198594918400000097e+04 8.673836032000000387e+02 5.841082880000000159e+02 1.977157964799999945e+03 1.409873151999999891e+03 9.039545855999999731e+02 1.573830400000000054e+03 8.157866751999999906e+02 5.575111167999999680e+02 3.128888832000000093e+02 6.087111168000000134e+02 6.712888831999999866e+02 2.560000000000000000e+02 2.560000000000000000e+02
-9.999000000000000000e+03 -9.999000000000000000e+03 -9.999000000000000000e+03 -9.999000000000000000e+03 5.998617600000000039e+02 5.276760319999999638e+02 6.644622080000000324e+02 5.120000000000000000e+02 2.560000000000000000e+02 2.560000000000000000e+02 3.640889088000000129e+02 5.984846591999999873e+03 2.427518464000000222e+03 4.228977920000000267e+03 4.608000000000000114e+02 2.560000000000000000e+02 2.560000000000000000e+02 2.560000000000000000e+02 2.481493504000000030e+03 2.560000000000000000e+02 2.560000000000000000e+02 2.560000000000000000e+02 2.560000000000000000e+02 3.754666751999999974e+02 3.302286591999999655e+04 3.156998400000000038e+04 2.622104319999999916e+03 2.193861632000000100e+03 2.036375039999999899e+03 1.327786624000000074e+03 5.641861119999999801e+02 7.515654399999999669e+02 8.202113536000000522e+02 1.197447936000000027e+03 4.051753216000000180e+02 5.006222336000000155e+02 2.673777663999999845e+02
