data/C3/flowacc.dat
ncols         89
nrows         61
xllcorner     604704
yllcorner     7083008
cellsize      16
NODATA_value  -9999
[rows 17 to 33 of 61, columns 0 to 36 of 89]
-9.999000000000000000e+03 -9.999000000000000000e+03 2.279221759999999904e+03 4.159631360000000200e+02 1.035956531199999972e+03 7.537005056000000423e+02 7.696687616000000389e+02 7.736889088000000356e+02 6.030222079999999778e+02 2.560000000000000000e+02 2.560000000000000000e+02 2.883634688000000210e+02 6.529210368000000017e+03 1.131650303999999960e+04 8.703999999999999773e+02 5.632000000000000455e+02 2.560000000000000000e+02 5.063110912000000212e+02 2.616889087999999788e+02 2.936604416000000128e+03 3.128888832000000093e+02 2.560000000000000000e+02 2.560000000000000000e+02 2.560000000000000000e+02 3.185777919999999881e+02 3.878052736000000095e+03 3.859110912000000098e+04 5.378400768000000426e+03 1.411375360000000001e+03 2.560000000000000000e+02 2.560000000000000000e+02 2.560000000000000000e+02 2.083776768000000175e+03 3.753318143999999847e+03 6.119558656000000383e+02 6.075732991999999513e+02 5.055525888000000236e+02
-9.999000000000000000e+03 -9.999000000000000000e+03 2.023221683199999916e+03 2.560000000000000000e+02 1.802770867200000112e+03 2.521234688000000006e+03 1.163570790400000078e+03 1.581586943999999903e+03 8.905007359999999608e+02 4.608000000000000114e+02 3.242666752000000088e+02 2.560000000000000000e+02 2.560000000000000000e+02 2.688403200000000197e+03 1.399963392000000022e+04 1.009208832000000029e+03 8.205906432000000450e+02 5.193323520000000144e+02 3.781214975999999979e+02 3.359478528000000097e+03 5.954370047999999542e+02 3.185777919999999881e+02 2.560000000000000000e+02 5.802666752000000088e+02 7.202133248000000094e+02 6.081043200000000297e+02 8.185560831999999891e+02 4.563588607999999658e+04 4.778666751999999747e+02 4.608000000000000114e+02 3.071999999999999886e+02 2.560000000000000000e+02 2.560000000000000000e+02 2.560000000000000000e+02 4.715785727999999835e+03 7.690619391999999834e+02 7.615526399999999967e+02
-9.999000000000000000e+03 6.143999999999999773e+02 1.712608409599999959e+03 3.035338239999999814e+02 2.560000000000000000e+02 8.223115775999999641e+02 3.863234047999999802e+03 2.867250688000000082e+03 5.222400000000000091e+02 6.769777920000000222e+02 2.560000000000000000e+02 2.560000000000000000e+02 5.120000000000000000e+02 2.560000000000000000e+02 1.465041254400000071e+03 1.571196287999999913e+04 1.484201651200000015e+03 7.796896255999999994e+02 3.178858495999999832e+03 1.099910912000000053e+03 9.413636351999999761e+02 3.126360576000000151e+02 2.560000000000000000e+02 4.437333247999999912e+02 3.720533503999999994e+02 2.560000000000000000e+02 3.413333503999999721e+02 4.759703551999999718e+02 4.684572159999999712e+04 8.738133503999999903e+02 6.109867007999999942e+02 5.632000000000000455e+02 2.560000000000000000e+02 2.560000000000000000e+02 5.227785727999999835e+03 5.294442239999999629e+02 1.513170278399999916e+03
2.560000000000000000e+02 5.120000000000000000e+02 5.347555839999999989e+02 1.121469593600000053e+03 2.725736448000000109e+03 3.301578367999999955e+03 1.371785215999999991e+03 7.517710336000000098e+03 9.329777920000000222e+02 4.152888831999999866e+02 3.811555584000000181e+02 3.868444415999999819e+02 7.680000000000000000e+02 2.560000000000000000e+02 3.185777919999999881e+02 1.096832511999999952e+03 1.757974271999999837e+04 1.907013887999999952e+03 3.119524863999999980e+03 1.048508160000000089e+03 1.155371699199999966e+03 6.236623359999999821e+02 5.632000000000000455e+02 9.156077311999999893e+02 2.642678528000000142e+02 2.560000000000000000e+02 2.560000000000000000e+02 2.901333248000000253e+02 2.624474111999999764e+02 4.820635648000000219e+04 1.086729471999999987e+03 5.336177920000000086e+02 5.802666752000000088e+02 2.787555583999999840e+02 2.560000000000000000e+02 5.766155775999999605e+03 2.016244224000000031e+03
2.560000000000000000e+02 2.560000000000000000e+02 5.120000000000000000e+02 5.461333504000000403e+02 9.841777919999999540e+02 5.176889088000000356e+02 4.050663168000000042e+03 5.401623552000000018e+03 1.187376947199999995e+04 6.759664384000000155e+02 8.356345856000000367e+02 1.161544703999999911e+03 2.560000000000000000e+02 3.697777664000000186e+02 3.982222335999999814e+02 4.825441791999999737e+02 1.060343808000000081e+03 1.910797567999999956e+04 1.785590016000000105e+04 1.463307264000000032e+03 1.205972300800000085e+03 1.142489011200000050e+03 8.208821759999999585e+02 1.171366655999999921e+03 4.721777663999999959e+02 2.958222336000000041e+02 2.560000000000000000e+02 4.778666751999999747e+02 5.396858879999999772e+02 4.765355008000000089e+04 2.757868800000000192e+03 6.907322368000000097e+02 6.222380288000000519e+02 6.061827328000000534e+02 4.096000000000000227e+02 2.049915136000000075e+03 6.244484864000000016e+03
-9.999000000000000000e+03 2.560000000000000000e+02 2.560000000000000000e+02 5.120000000000000000e+02 5.120000000000000000e+02 9.307022080000000415e+02 1.686970470400000067e+03 1.885177497599999924e+03 4.500852479999999559e+03 1.721568511999999828e+04 1.532404889600000024e+04 8.991815679999999702e+02 2.560000000000000000e+02 2.560000000000000000e+02 6.700247040000000425e+02 9.960106752000000370e+02 3.525088511999999810e+02 2.560000000000000000e+02 6.864258560000000216e+03 2.585611007999999856e+04 1.917557119999999941e+03 1.153248511999999891e+03 1.178133248000000094e+03 1.204393062399999963e+03 7.705283839999999600e+02 3.940503808000000276e+02 4.209777920000000222e+02 5.594074111999999559e+02 8.572860672000000477e+02 4.598813440000000128e+02 4.968684287999999651e+04 2.093238015999999789e+03 8.470151423999999452e+02 7.638843391999999994e+02 1.859140096000000085e+03 1.075966054400000075e+03 6.500484864000000016e+03
-9.999000000000000000e+03 -9.999000000000000000e+03 2.560000000000000000e+02 2.560000000000000000e+02 5.120000000000000000e+02 5.632000000000000455e+02 4.608000000000000114e+02 8.886324991999999838e+02 1.245257318400000031e+03 1.180064947200000006e+03 5.762918399999999565e+03 1.985442815999999948e+04 6.333629696000000422e+02 3.697777664000000186e+02 7.473514496000000236e+02 4.346732544000000189e+02 1.346778803200000084e+03 9.598163455999999769e+02 2.730666752000000201e+02 1.048200806399999919e+03 2.832563711999999941e+04 2.201902591999999913e+03 1.495831552000000102e+03 1.117778688000000102e+03 1.089777587199999971e+03 5.198970368000000235e+02 7.204240128000000141e+02 7.532510463999999502e+02 1.018032051199999955e+03 5.454261760000000550e+02 1.880393471999999974e+03 5.176136447999999655e+04 1.930359040000000050e+03 1.324237414400000034e+03 2.417193216000000120e+03 7.313422335999999632e+03 6.954665472000000364e+02
-9.999000000000000000e+03 -9.999000000000000000e+03 -9.999000000000000000e+03 2.560000000000000000e+02 2.560000000000000000e+02 2.560000000000000000e+02 3.868444415999999819e+02 4.254024704000000270e+02 5.782299136000000317e+02 8.893130240000000413e+02 1.397462399999999889e+03 4.575630336000000170e+03 2.264400895999999921e+04 2.560000000000000000e+02 2.560000000000000000e+02 1.259351449600000024e+03 1.880156748800000059e+03 3.178787072000000080e+03 4.468601088000000345e+03 3.127485184000000118e+03 4.112471551999999974e+03 3.467872768000000360e+04 6.758271488000000318e+03 1.586134015999999974e+03 1.094718873600000052e+03 8.471954944000000296e+02 1.869889791999999943e+03 1.274032128000000057e+03 2.560000000000000000e+02 2.560000000000000000e+02 5.468939264000000549e+02 4.231460864000000015e+02 5.244051200000000244e+04 5.600482304000000295e+04 7.495092223999999987e+03 3.452420607999999902e+03 5.290666496000000052e+02
-9.999000000000000000e+03 -9.999000000000000000e+03 -9.999000000000000000e+03 -9.999000000000000000e+03 -9.999000000000000000e+03 2.560000000000000000e+02 3.811555584000000181e+02 4.677530879999999911e+02 5.266787071999999625e+02 9.813294079999999440e+02 8.800840960000000450e+02 6.471484927999999854e+02 2.684864767999999822e+04 2.560000000000000000e+02 2.560000000000000000e+02 2.560000000000000000e+02 4.949333247999999799e+02 8.324740607999999611e+02 1.064538624000000027e+03 3.021596927999999934e+03 2.914395264000000225e+03 2.786932479999999941e+03 3.473758976000000257e+04 4.276066303999999946e+04 2.330903552000000218e+03 2.767623296000000209e+03 1.247444326399999909e+03 2.560000000000000000e+02 2.901333248000000253e+02 6.257777664000000186e+02 9.109828608000000258e+02 2.560000000000000000e+02 2.560000000000000000e+02 2.560000000000000000e+02 6.439551999999999680e+04 3.759828607999999804e+03 4.949333247999999799e+02
-9.999000000000000000e+03 -9.999000000000000000e+03 -9.999000000000000000e+03 -9.999000000000000000e+03 -9.999000000000000000e+03 -9.999000000000000000e+03 2.560000000000000000e+02 2.560000000000000000e+02 3.868444415999999819e+02 6.065619455999999445e+02 9.514828543999999511e+02 1.122906623999999965e+03 2.407519232000000102e+03 2.998361600000000180e+04 3.299555583999999726e+02 2.560000000000000000e+02 2.560000000000000000e+02 3.754666751999999974e+02 5.814044159999999692e+02 8.927510271999999532e+02 1.138655385600000045e+03 1.303683072000000038e+03 7.126300159999999551e+02 2.320749056000000110e+03 4.885097215999999753e+04 1.087629568000000063e+03 3.982222335999999814e+02 2.560000000000000000e+02 2.946844416000000138e+02 8.411970304000000169e+02 1.256571776000000000e+03 9.704406016000000363e+02 2.560000000000000000e+02 2.560000000000000000e+02 2.560000000000000000e+02 6.874888959999999497e+04 8.463802368000000342e+02
-9.999000000000000000e+03 -9.999000000000000000e+03 -9.999000000000000000e+03 -9.999000000000000000e+03 -9.999000000000000000e+03 -9.999000000000000000e+03 -9.999000000000000000e+03 5.120000000000000000e+02 2.560000000000000000e+02 2.560000000000000000e+02 8.078222080000000460e+02 1.823479987200000096e+03 1.503148288000000093e+03 1.842051148799999964e+03 3.240922111999999834e+04 5.266646783999999570e+02 2.560000000000000000e+02 2.560000000000000000e+02 2.560000000000000000e+02 4.437333247999999912e+02 8.237510912000000189e+02 9.931030272000000423e+02 1.535751091200000019e+03 1.512508057600000029e+03 3.002968064000000140e+03 5.205832703999999649e+04 7.629432319999999663e+02 5.377896191999999473e+02 3.542281472000000235e+02 4.803192063999999846e+02 1.152115968000000066e+03 2.215152128000000175e+03 6.087111168000000134e+02 4.039110911999999871e+02 2.560000000000000000e+02 2.844444672000000196e+02 6.994959359999999288e+04
-9.999000000000000000e+03 -9.999000000000000000e+03 -9.999000000000000000e+03 -9.999000000000000000e+03 -9.999000000000000000e+03 -9.999000000000000000e+03 -9.999000000000000000e+03 7.680000000000000000e+02 2.560000000000000000e+02 2.560000000000000000e+02 2.560000000000000000e+02 6.314666752000000542e+02 5.233778175999999576e+02 5.518222080000000460e+02 1.116033535999999913e+03 3.422423040000000037e+04 3.572824575999999797e+04 4.664888831999999752e+02 3.242666752000000088e+02 2.560000000000000000e+02 3.583999999999999773e+02 4.630755583999999772e+02 4.103585279999999784e+02 3.654289152000000058e+02 5.951476992000000337e+02 2.052334847999999965e+03 5.481484799999999814e+04 8.573523456000000806e+03 7.444516608000000133e+02 5.548653056000000561e+02 1.049679871999999932e+03 1.303594495999999936e+03 2.296016384000000016e+03 8.114884095999999545e+02 5.688889087999999674e+02 4.266666496000000279e+02 2.560000000000000000e+02
-9.999000000000000000e+03 -9.999000000000000000e+03 -9.999000000000000000e+03 -9.999000000000000000e+03 -9.999000000000000000e+03 -9.999000000000000000e+03 -9.999000000000000000e+03 -9.999000000000000000e+03 1.792000000000000000e+03 2.560000000000000000e+02 2.560000000000000000e+02 2.560000000000000000e+02 2.560000000000000000e+02 2.560000000000000000e+02 3.527111168000000134e+02 8.135111167999999680e+02 5.290666496000000052e+02 3.661002240000000165e+04 3.741405184000000008e+04 2.798120959999999832e+04 2.560000000000000000e+02 2.560000000000000000e+02 3.982222335999999814e+02 4.418370304000000033e+02 5.211022335999999768e+02 5.455012096000000383e+02 6.924009984000000486e+02 4.855820032000000356e+04 5.477915647999999783e+04 9.143385600000000295e+02 1.038095616000000064e+03 1.491883904000000030e+03 1.624076902400000108e+03 2.090590208000000075e+03 1.134240844800000104e+03 6.257777664000000186e+02 4.323555584000000067e+02
-9.999000000000000000e+03 -9.999000000000000000e+03 -9.999000000000000000e+03 -9.999000000000000000e+03 -9.999000000000000000e+03 -9.999000000000000000e+03 -9.999000000000000000e+03 -9.999000000000000000e+03 -9.999000000000000000e+03 2.560000000000000000e+02 2.560000000000000000e+02 2.560000000000000000e+02 2.560000000000000000e+02 2.560000000000000000e+02 4.152888831999999866e+02 2.560000000000000000e+02 2.560000000000000000e+02 5.120000000000000000e+02 1.183288934400000016e+03 1.146756940799999938e+04 3.990705152000000089e+04 3.754666751999999974e+02 3.697777664000000186e+02 5.341234687999999551e+02 2.797388288000000216e+02 5.808472831999999926e+02 4.238003199999999993e+02 1.410320307199999888e+03 5.429394432000000052e+03 6.067911680000000342e+04 1.784031488000000172e+04 1.430856320000000096e+03 1.640871423999999934e+03 2.087416064000000006e+03 2.425652736000000004e+03 9.799921920000000455e+02 7.161679360000000543e+02
-9.999000000000000000e+03 -9.999000000000000000e+03 -9.999000000000000000e+03 -9.999000000000000000e+03 -9.999000000000000000e+03 -9.999000000000000000e+03 -9.999000000000000000e+03 -9.999000000000000000e+03 -9.999000000000000000e+03 -9.999000000000000000e+03 6.883555327999999918e+02 3.356444415999999933e+02 4.096000000000000227e+02 3.583999999999999773e+02 2.560000000000000000e+02 2.560000000000000000e+02 2.560000000000000000e+02 2.560000000000000000e+02 2.560000000000000000e+02 5.916444672000000082e+02 9.582617087999999512e+02 4.135493375999999989e+04 2.531092736000000150e+04 1.518413184000000001e+04 2.453510143999999855e+03 1.151284480000000030e+03 1.103976550399999951e+03 5.258609664000000521e+02 2.560000000000000000e+02 5.916444672000000082e+02 4.548105984000000171e+04 6.382853119999999763e+04 4.888708608000000095e+04 2.401517183999999907e+04 1.018825984000000062e+04 1.965618534400000044e+03 1.288779903999999988e+03
-9.999000000000000000e+03 -9.999000000000000000e+03 -9.999000000000000000e+03 -9.999000000000000000e+03 -9.999000000000000000e+03 -9.999000000000000000e+03 -9.999000000000000000e+03 -9.999000000000000000e+03 -9.999000000000000000e+03 -9.999000000000000000e+03 -9.999000000000000000e+03 -9.999000000000000000e+03 9.921422079999999823e+02 8.112355327999999872e+02 7.247644672000000128e+02 7.224888832000000320e+02 4.664888831999999752e+02 2.560000000000000000e+02 2.560000000000000000e+02 2.560000000000000000e+02 5.632000000000000455e+02 1.108195584000000053e+03 1.827551743999999962e+04 2.949323622400000022e+04 4.431489792000000307e+04 4.713242111999999906e+04 4.705739007999999740e+04 2.560000000000000000e+02 2.560000000000000000e+02 6.769777920000000222e+02 9.056710911999999780e+02 2.936742655999999988e+04 6.155136256000000139e+04 9.309694464000000153e+04 1.106180710399999953e+05 1.225277900800000061e+05 5.988812544000000344e+04
-9.999000000000000000e+03 -9.999000000000000000e+03 -9.999000000000000000e+03 -9.999000000000000000e+03 -9.999000000000000000e+03 -9.999000000000000000e+03 -9.999000000000000000e+03 -9.999000000000000000e+03 -9.999000000000000000e+03 -9.999000000000000000e+03 -9.999000000000000000e+03 -9.999000000000000000e+03 -9.999000000000000000e+03 6.991644416000000092e+03 4.070969087999999829e+03 2.059377664000000095e+03 1.234488832000000002e+03 5.461333504000000403e+02 2.560000000000000000e+02 3.071999999999999886e+02 3.891200000000000045e+02 1.038791167999999971e+03 1.546211174399999891e+03 2.671642111999999997e+03 2.827401855999999952e+03 4.161297408000000360e+03 6.044133375999999771e+03 5.407017983999999706e+04 2.560000000000000000e+02 2.560000000000000000e+02 4.542771199999999953e+04 3.194356223999999929e+04 1.858541056000000026e+04 1.623018751999999949e+04 1.648639231999999902e+04 1.527693568000000050e+04 7.748621824000000197e+04
