data/C3/flowacc.dat
ncols         89
nrows         61
xllcorner     604704
yllcorner     7083008
cellsize      16
NODATA_value  -9999
[rows 17 to 33 of 61, columns 37 to 73 of 89]
2.560000000000000000e+02 8.021333504000000403e+02 1.085440000000000055e+03 8.089346815999999762e+02 3.818342911999999956e+02 1.144624512000000095e+03 2.560000000000000000e+02 2.560000000000000000e+02 2.560000000000000000e+02 3.697777664000000186e+02 5.846913535999999567e+02 6.977667840000000297e+02 8.076427519999999731e+02 2.560000000000000000e+02 4.835555327999999804e+02 2.560000000000000000e+02 2.560000000000000000e+02 3.640889088000000129e+02 5.991032320000000482e+02 1.096739123199999995e+03 5.710259711999999854e+04 9.148435712000000422e+02 6.629452032000000372e+02 2.560000000000000000e+02 -9.999000000000000000e+03 -9.999000000000000000e+03 -9.999000000000000000e+03 -9.999000000000000000e+03 -9.999000000000000000e+03 -9.999000000000000000e+03 -9.999000000000000000e+03 -9.999000000000000000e+03 -9.999000000000000000e+03 -9.999000000000000000e+03 -9.999000000000000000e+03 -9.999000000000000000e+03 -9.999000000000000000e+03
2.560000000000000000e+02 4.778666751999999747e+02 1.119194111999999905e+03 1.076110233599999901e+03 9.391004159999999956e+02 5.403676159999999982e+02 1.970082304000000022e+03 3.925333248000000026e+02 5.063110912000000212e+02 6.795061759999999822e+02 4.782880511999999840e+02 6.386304255999999668e+02 4.376118527999999969e+03 5.267504383999999845e+03 5.814901759999999740e+03 7.417497088000000076e+03 2.560000000000000000e+02 4.664888831999999752e+02 6.706567936000000145e+02 6.583941119999999501e+02 7.095603711999999632e+02 5.857948159999999916e+04 8.716894720000000234e+02 4.266666496000000279e+02 -9.999000000000000000e+03 -9.999000000000000000e+03 -9.999000000000000000e+03 -9.999000000000000000e+03 -9.999000000000000000e+03 -9.999000000000000000e+03 -9.999000000000000000e+03 -9.999000000000000000e+03 -9.999000000000000000e+03 -9.999000000000000000e+03 -9.999000000000000000e+03 -9.999000000000000000e+03 -9.999000000000000000e+03
4.039110911999999871e+02 3.640889088000000129e+02 5.088395007999999962e+02 1.386501631999999972e+03 2.040766591999999946e+03 9.446736383999999589e+02 3.520653312000000028e+02 2.328689151999999922e+03 1.209045503999999937e+03 4.810271488000000204e+02 7.543045120000000452e+02 3.552446976000000177e+03 6.353856768000000557e+02 3.697777664000000186e+02 7.382913792000000512e+02 8.429949951999999485e+02 9.882835967999999411e+03 1.108517273600000044e+04 1.171870412799999940e+04 1.210711628799999926e+04 9.608432640000000902e+03 1.242544051199999922e+04 5.324574719999999797e+04 6.352592895999999882e+02 -9.999000000000000000e+03 -9.999000000000000000e+03 -9.999000000000000000e+03 -9.999000000000000000e+03 -9.999000000000000000e+03 -9.999000000000000000e+03 -9.999000000000000000e+03 -9.999000000000000000e+03 -9.999000000000000000e+03 -9.999000000000000000e+03 -9.999000000000000000e+03 -9.999000000000000000e+03 -9.999000000000000000e+03
5.791289087999999765e+02 3.367822335999999837e+02 4.097264127999999914e+02 7.535319808000000421e+02 9.338452224000000115e+02 2.296766720000000078e+03 1.200673715200000061e+03 5.141812736000000541e+02 2.911655936000000111e+03 1.172974489599999970e+03 2.302492928000000120e+03 3.811555584000000181e+02 2.560000000000000000e+02 5.120000000000000000e+02 5.859555840000000444e+02 1.240416614400000071e+03 7.083439359999999851e+02 5.480295935999999983e+02 6.620602367999999842e+02 1.389555302400000073e+03 5.395719167999999627e+03 1.020885068800000045e+04 2.354074880000000121e+04 7.948899839999999676e+04 2.560000000000000000e+02 -9.999000000000000000e+03 -9.999000000000000000e+03 -9.999000000000000000e+03 -9.999000000000000000e+03 -9.999000000000000000e+03 -9.999000000000000000e+03 -9.999000000000000000e+03 -9.999000000000000000e+03 -9.999000000000000000e+03 -9.999000000000000000e+03 -9.999000000000000000e+03 -9.999000000000000000e+03
3.589562367999999992e+02 8.294652671999999711e+02 1.177494374399999970e+03 1.885065804800000024e+03 8.413630975999999464e+02 1.200321535999999924e+03 3.299719423999999890e+03 2.776371712000000116e+03 4.479311104000000341e+03 4.096000000000000227e+02 6.143999999999999773e+02 2.560000000000000000e+02 2.560000000000000000e+02 2.560000000000000000e+02 4.892444416000000160e+02 8.198320639999999457e+02 3.982222335999999814e+02 4.152888831999999866e+02 6.039071744000000308e+02 1.368426393599999983e+03 1.646909055999999964e+03 2.090755328000000191e+03 1.811250688000000082e+03 2.560000000000000000e+02 8.035371008000000438e+04 2.560000000000000000e+02 -9.999000000000000000e+03 -9.999000000000000000e+03 -9.999000000000000000e+03 -9.999000000000000000e+03 -9.999000000000000000e+03 -9.999000000000000000e+03 -9.999000000000000000e+03 -9.999000000000000000e+03 -9.999000000000000000e+03 -9.999000000000000000e+03 -9.999000000000000000e+03
4.394665216000000214e+02 4.314897151999999778e+02 4.034604800000000182e+02 1.744015871999999945e+03 4.067126271999999972e+03 3.263392768000000160e+03 3.541061376000000109e+03 3.595018496000000141e+03 7.128431615999999849e+03 2.560000000000000000e+02 2.560000000000000000e+02 2.560000000000000000e+02 2.560000000000000000e+02 2.560000000000000000e+02 3.413333503999999721e+02 2.560000000000000000e+02 5.120000000000000000e+02 8.021333504000000403e+02 1.191885363200000029e+03 8.131290367999999944e+02 5.593762304000000540e+02 8.621448960000000170e+02 1.334024294399999917e+03 1.726339481599999999e+03 8.390889728000000468e+04 2.560000000000000000e+02 2.560000000000000000e+02 -9.999000000000000000e+03 -9.999000000000000000e+03 -9.999000000000000000e+03 -9.999000000000000000e+03 -9.999000000000000000e+03 -9.999000000000000000e+03 -9.999000000000000000e+03 -9.999000000000000000e+03 -9.999000000000000000e+03 -9.999000000000000000e+03
2.560000000000000000e+02 2.560000000000000000e+02 8.752230911999999989e+02 2.560000000000000000e+02 3.299555583999999726e+02 2.430414335999999821e+03 1.305253631999999925e+03 1.347713484799999969e+04 4.936691200000000208e+02 2.673777663999999845e+02 2.560000000000000000e+02 2.560000000000000000e+02 4.096000000000000227e+02 5.939199999999999591e+02 5.595590912000000117e+02 2.560000000000000000e+02 2.560000000000000000e+02 5.745777663999999731e+02 6.141471487999999681e+02 5.460771584000000303e+02 6.022387199999999439e+02 1.063388672000000042e+03 1.226836992000000009e+03 1.413554329600000074e+03 3.144807936000000268e+02 8.524737536000000546e+04 2.560000000000000000e+02 -9.999000000000000000e+03 -9.999000000000000000e+03 -9.999000000000000000e+03 -9.999000000000000000e+03 -9.999000000000000000e+03 -9.999000000000000000e+03 -9.999000000000000000e+03 -9.999000000000000000e+03 -9.999000000000000000e+03 -9.999000000000000000e+03
2.560000000000000000e+02 2.560000000000000000e+02 3.242666752000000088e+02 5.730607360000000199e+02 8.290607360000000199e+02 1.048213631999999961e+03 3.247517183999999816e+03 1.514578432000000066e+04 5.962798335999999608e+02 5.006222336000000155e+02 2.560000000000000000e+02 2.560000000000000000e+02 4.949333247999999799e+02 6.386726144000000431e+02 5.463609087999999474e+02 8.155590912000000117e+02 2.560000000000000000e+02 2.560000000000000000e+02 2.560000000000000000e+02 3.583999999999999773e+02 7.213511423999999579e+02 7.659014399999999796e+02 1.005487667200000033e+03 1.315818111999999928e+03 1.573513062400000081e+03 8.828710911999999371e+04 2.560000000000000000e+02 2.560000000000000000e+02 -9.999000000000000000e+03 -9.999000000000000000e+03 -9.999000000000000000e+03 -9.999000000000000000e+03 -9.999000000000000000e+03 -9.999000000000000000e+03 -9.999000000000000000e+03 -9.999000000000000000e+03 -9.999000000000000000e+03
3.697777664000000186e+02 3.982222335999999814e+02 2.560000000000000000e+02 2.632059391999999889e+02 2.560000000000000000e+02 4.664888831999999752e+02 7.922465792000000420e+02 1.318673151999999936e+04 6.493321216000000277e+03 3.868444415999999819e+02 3.811555584000000181e+02 2.560000000000000000e+02 3.754666751999999974e+02 1.003107072000000016e+03 1.157345792000000074e+03 9.753132288000000472e+02 4.372353535999999963e+02 2.560000000000000000e+02 2.560000000000000000e+02 2.560000000000000000e+02 3.015111168000000248e+02 2.560000000000000000e+02 5.461333504000000403e+02 9.026370303999999578e+02 1.210216319999999996e+03 4.512426752000000079e+02 9.053625856000000203e+04 2.560000000000000000e+02 2.560000000000000000e+02 -9.999000000000000000e+03 -9.999000000000000000e+03 -9.999000000000000000e+03 -9.999000000000000000e+03 -9.999000000000000000e+03 -9.999000000000000000e+03 -9.999000000000000000e+03 -9.999000000000000000e+03
5.530864384000000200e+02 6.921481215999999677e+02 3.413333503999999721e+02 5.192059391999999889e+02 2.560000000000000000e+02 4.494222080000000119e+02 7.288098816000000397e+02 4.985077760000000126e+03 1.666889062399999966e+04 4.528355328000000100e+02 7.143980031999999483e+02 3.754666751999999974e+02 2.560000000000000000e+02 7.236199424000000135e+02 3.191144703999999820e+03 2.560000000000000000e+02 2.560000000000000000e+02 7.444353535999999849e+02 6.428444160000000238e+02 3.299555583999999726e+02 2.560000000000000000e+02 2.560000000000000000e+02 2.560000000000000000e+02 3.868444415999999819e+02 7.987200000000000273e+02 1.029910783999999921e+03 2.560000000000000000e+02 9.137821951999999874e+04 2.560000000000000000e+02 2.560000000000000000e+02 -9.999000000000000000e+03 -9.999000000000000000e+03 -9.999000000000000000e+03 -9.999000000000000000e+03 -9.999000000000000000e+03 -9.999000000000000000e+03 -9.999000000000000000e+03
9.722381567999999561e+02 6.866699776000000384e+02 8.165535999999999603e+02 5.559856640000000425e+02 2.560000000000000000e+02 3.640889088000000129e+02 6.171811840000000302e+02 9.154952960000000530e+02 2.268196096000000034e+04 7.510850304000000506e+02 9.943925248000000465e+02 5.044148223999999914e+02 4.721777663999999959e+02 5.615284480000000258e+02 6.740915199999999459e+02 3.629189120000000003e+03 4.039110911999999871e+02 6.365605375999999751e+02 1.087627929600000016e+03 8.551032320000000482e+02 4.179437055999999870e+02 4.380444416000000274e+02 2.560000000000000000e+02 4.152888831999999866e+02 4.036582655999999929e+02 6.485136639999999488e+02 9.515418111999999837e+02 9.302433280000000377e+04 9.379233280000000377e+04 2.560000000000000000e+02 2.560000000000000000e+02 -9.999000000000000000e+03 -9.999000000000000000e+03 -9.999000000000000000e+03 -9.999000000000000000e+03 -9.999000000000000000e+03 -9.999000000000000000e+03
7.125412608000000182e+04 8.845189120000000003e+02 1.338578380800000105e+03 6.074596608000000515e+02 4.323555584000000067e+02 2.560000000000000000e+02 3.288177919999999972e+02 3.108605696000000194e+02 8.109926400000000513e+02 2.394463488000000143e+04 1.163883187200000066e+03 1.218905087999999978e+03 7.480334592000000384e+02 6.927443200000000161e+02 5.106567936000000145e+02 1.965813120000000026e+03 2.738423552000000200e+03 6.153187840000000506e+02 8.660485119999999597e+02 1.461142323199999964e+03 1.236859980799999903e+03 6.404593407999999499e+02 4.117491456000000198e+02 2.560000000000000000e+02 2.560000000000000000e+02 3.527111168000000134e+02 6.413273855999999569e+02 6.696201727999999775e+02 2.560000000000000000e+02 9.456033280000000377e+04 2.560000000000000000e+02 2.560000000000000000e+02 -9.999000000000000000e+03 -9.999000000000000000e+03 -9.999000000000000000e+03 -9.999000000000000000e+03 -9.999000000000000000e+03
6.208922368000000279e+04 1.087903897599999982e+04 1.694086553599999888e+03 8.430428160000000162e+02 3.712947967999999719e+02 4.664888831999999752e+02 5.207229439999999840e+02 3.656059392000000230e+02 2.560000000000000000e+02 7.377751551999999720e+02 2.443016447999999946e+04 2.503354367999999795e+03 1.416565068800000063e+03 6.716466176000000132e+02 6.758733568000000105e+02 1.875749119999999948e+03 6.928473599999999806e+02 3.008097408000000087e+03 1.069345792000000074e+03 1.299985664000000043e+03 2.097106175999999778e+03 1.079068927999999914e+03 6.229984256000000187e+02 8.413992960000000494e+02 2.560000000000000000e+02 2.560000000000000000e+02 4.323555584000000067e+02 6.595318528000000242e+02 1.541183232000000089e+03 9.708621824000000197e+04 2.616889087999999788e+02 5.120000000000000000e+02 -9.999000000000000000e+03 -9.999000000000000000e+03 -9.999000000000000000e+03 -9.999000000000000000e+03 -9.999000000000000000e+03
5.544642304000000149e+04 1.957734144000000015e+04 1.338738943999999947e+03 5.334255871999999954e+02 5.141069823999999926e+02 6.706567936000000145e+02 6.031486208000000033e+02 7.951802367999999888e+02 2.560000000000000000e+02 3.185777919999999881e+02 7.642451200000000426e+02 2.647809535999999935e+04 2.765049343999999837e+04 6.902478591999999935e+02 7.065822207999999591e+02 2.976833280000000173e+02 2.151652352000000064e+03 1.795267942400000038e+03 4.090973183999999947e+03 1.293660288000000037e+03 2.276541184000000158e+03 1.453175807999999961e+03 1.494047846400000026e+03 9.692213759999999638e+02 7.924664320000000544e+02 2.560000000000000000e+02 2.560000000000000000e+02 2.560000000000000000e+02 5.559688191999999844e+02 5.895813120000000254e+02 9.916628991999999562e+04 2.901333248000000253e+02 2.560000000000000000e+02 -9.999000000000000000e+03 -9.999000000000000000e+03 -9.999000000000000000e+03 -9.999000000000000000e+03
5.450210560000000260e+04 2.304184319999999934e+04 8.439092991999999640e+02 2.560000000000000000e+02 5.416150016000000278e+02 1.744894207999999935e+03 2.694032895999999937e+02 1.051180288000000019e+03 3.470222079999999778e+02 6.121244415999999546e+02 7.235002368000000388e+02 3.409161472000000117e+02 2.609608447999999953e+03 2.897358592000000135e+04 5.857383935999999949e+02 3.023063040000000115e+02 5.073770240000000058e+02 2.217230079999999816e+03 3.689295360000000073e+03 8.074728960000000370e+03 9.256016639999999825e+03 1.013329484799999955e+04 1.160229376000000047e+04 8.456000000000000000e+03 3.816674047999999857e+03 9.311346432000000277e+02 5.006222336000000155e+02 3.413333503999999721e+02 2.560000000000000000e+02 7.680000000000000000e+02 5.290666496000000052e+02 1.007904921599999943e+05 1.018099763200000016e+05 2.560000000000000000e+02 2.560000000000000000e+02 -9.999000000000000000e+03 -9.999000000000000000e+03
7.757777408000000287e+04 1.656279039999999895e+03 2.730666752000000201e+02 2.560000000000000000e+02 2.560000000000000000e+02 2.724524031999999806e+03 1.462835456000000022e+03 2.560000000000000000e+02 6.030222079999999778e+02 2.560000000000000000e+02 5.280552959999999985e+02 9.795002368000000388e+02 2.510628863999999794e+03 9.518955519999999524e+02 2.952896255999999994e+04 7.103088896000000432e+02 3.903583487999999875e+02 3.800254719999999793e+02 5.769104128000000173e+02 7.944497152000000142e+02 2.021153689600000007e+03 3.140237312000000202e+03 1.721444095999999945e+03 6.360532479999999850e+03 1.262968831999999929e+04 1.687821568000000116e+04 1.837697023999999874e+04 7.419575296000000435e+02 2.560000000000000000e+02 2.560000000000000000e+02 7.281777919999999540e+02 6.034014720000000125e+02 2.836325375999999778e+02 1.033338828800000047e+05 2.560000000000000000e+02 2.560000000000000000e+02 2.560000000000000000e+02
1.618655308800000057e+05 2.264592767999999978e+03 4.949333247999999799e+02 2.560000000000000000e+02 2.560000000000000000e+02 3.395809279999999944e+03 1.747283327999999983e+03 8.590222079999999778e+02 2.560000000000000000e+02 2.560000000000000000e+02 6.645493248000000222e+02 1.545706188800000064e+03 3.783824384000000009e+03 2.560000000000000000e+02 2.560000000000000000e+02 2.980074752000000080e+04 1.167390003199999910e+03 4.294926080000000184e+02 2.560000000000000000e+02 2.560000000000000000e+02 4.870821887999999831e+02 1.254943616000000020e+03 1.930793216000000029e+03 2.560000000000000000e+02 2.560000000000000000e+02 3.982222335999999814e+02 7.730567680000000337e+02 2.029817190399999890e+04 2.560000000000000000e+02 2.560000000000000000e+02 2.958222336000000041e+02 6.217323519999999917e+02 8.500997888000000557e+02 6.338221311999999443e+02 1.046934527999999991e+05 2.560000000000000000e+02 4.494222080000000119e+02
