data/C3/LAI_spruce.dat
ncols         89
nrows         61
xllcorner     604704
yllcorner     7083008
cellsize      16
NODATA_value  -9999
[rows 17 to 33 of 61, columns 37 to 73 of 89]
2.209000000000000130e-01 2.209000000000000130e-01 6.579999999999999738e-02 5.875000000000000222e-01 8.930000000000000437e-02 2.867000000000000104e-01 1.019900000000000029e+00 2.255999999999999783e+00 2.561500000000000110e+00 2.444000000000000339e-01 2.773000000000000465e-01 2.679000000000000270e-01 1.000000000000000021e-02 1.000000000000000021e-02 2.961000000000000298e+00 4.370999999999999885e-01 5.217000000000000526e-01 3.149000000000000132e-01 3.572000000000000175e-01 2.631999999999999895e-01 7.943000000000001171e-01 5.827999999999999847e-01 1.419399999999999995e+00 3.524999999999999800e-01 -9.999000000000000000e+03 -9.999000000000000000e+03 -9.999000000000000000e+03 -9.999000000000000000e+03 -9.999000000000000000e+03 -9.999000000000000000e+03 -9.999000000000000000e+03 -9.999000000000000000e+03 -9.999000000000000000e+03 -9.999000000000000000e+03 -9.999000000000000000e+03 -9.999000000000000000e+03 -9.999000000000000000e+03
2.350000000000000144e-01 0.000000000000000000e+00 3.760000000000000009e-01 5.640000000000000568e-02 4.794000000000000483e-01 8.459999999999999742e-01 5.405000000000000915e-01 8.930000000000000437e-02 4.324000000000000066e-01 5.781000000000000583e-01 5.217000000000000526e-01 6.298000000000000265e-01 6.204000000000000625e-01 6.016000000000000236e-01 6.579999999999999738e-02 5.217000000000000526e-01 2.679000000000000270e-01 1.043400000000000105e+00 3.948000000000000398e-01 2.819999999999999729e-01 6.251000000000001000e-01 2.867000000000000104e-01 1.362999999999999989e+00 3.243000000000000327e-01 -9.999000000000000000e+03 -9.999000000000000000e+03 -9.999000000000000000e+03 -9.999000000000000000e+03 -9.999000000000000000e+03 -9.999000000000000000e+03 -9.999000000000000000e+03 -9.999000000000000000e+03 -9.999000000000000000e+03 -9.999000000000000000e+03 -9.999000000000000000e+03 -9.999000000000000000e+03 -9.999000000000000000e+03
2.679000000000000270e-01 3.901000000000000578e-01 3.055000000000000493e-01 9.870000000000000995e-02 3.243000000000000327e-01 4.418000000000000260e-01 4.653000000000000469e-01 1.456999999999999962e-01 7.049999999999999323e-02 2.867000000000000104e-01 6.110000000000000986e-01 7.379000000000000004e-01 1.222000000000000197e+00 2.913999999999999924e-01 4.982000000000000317e-01 2.491000000000000159e-01 2.021000000000000296e-01 3.713000000000000189e-01 3.807000000000000384e-01 5.263999999999999790e-01 3.384000000000000341e-01 9.494000000000001327e-01 8.695000000000000506e-01 6.110000000000000847e-02 -9.999000000000000000e+03 -9.999000000000000000e+03 -9.999000000000000000e+03 -9.999000000000000000e+03 -9.999000000000000000e+03 -9.999000000000000000e+03 -9.999000000000000000e+03 -9.999000000000000000e+03 -9.999000000000000000e+03 -9.999000000000000000e+03 -9.999000000000000000e+03 -9.999000000000000000e+03 -9.999000000000000000e+03
3.149000000000000132e-01 2.961000000000000298e-01 3.384000000000000341e-01 3.337000000000000521e-01 1.222000000000000169e-01 1.315999999999999948e-01 7.520000000000000295e-02 7.049999999999999323e-02 1.033999999999999919e-01 3.572000000000000175e-01 6.392000000000001014e-01 4.465000000000000080e-01 1.109200000000000186e+00 1.076300000000000034e+00 2.819999999999999729e-01 2.067999999999999838e-01 1.409999999999999865e-01 1.222000000000000169e-01 3.854000000000000203e-01 5.968999999999999861e-01 1.409999999999999920e+00 5.076000000000000512e-01 8.271999999999999353e-01 6.721000000000001418e-01 1.485200000000000076e+00 -9.999000000000000000e+03 -9.999000000000000000e+03 -9.999000000000000000e+03 -9.999000000000000000e+03 -9.999000000000000000e+03 -9.999000000000000000e+03 -9.999000000000000000e+03 -9.999000000000000000e+03 -9.999000000000000000e+03 -9.999000000000000000e+03 -9.999000000000000000e+03 -9.999000000000000000e+03
1.005800000000000027e+00 3.948000000000000398e-01 3.618999999999999995e-01 4.418000000000000260e-01 1.081000000000000016e-01 1.033999999999999919e-01 1.504000000000000059e-01 2.021000000000000296e-01 3.995000000000000218e-01 4.465000000000000080e-01 1.132700000000000040e+00 5.639999999999999458e-01 7.237999999999999989e-01 1.532200000000000006e+00 1.222000000000000197e+00 1.118600000000000039e+00 4.418000000000000260e-01 3.807000000000000384e-01 8.883000000000000895e-01 7.332000000000000739e-01 6.768000000000000682e-01 1.184400000000000119e+00 7.332000000000000739e-01 3.055000000000000493e-01 7.708000000000000407e-01 7.426000000000000378e-01 -9.999000000000000000e+03 -9.999000000000000000e+03 -9.999000000000000000e+03 -9.999000000000000000e+03 -9.999000000000000000e+03 -9.999000000000000000e+03 -9.999000000000000000e+03 -9.999000000000000000e+03 -9.999000000000000000e+03 -9.999000000000000000e+03 -9.999000000000000000e+03
1.927000000000000268e+00 1.936400000000000121e+00 1.771900000000000031e+00 5.405000000000000915e-01 2.538000000000000256e-01 1.222000000000000169e-01 1.645000000000000351e-01 4.888000000000000678e-01 0.000000000000000000e+00 4.794000000000000483e-01 1.607400000000000162e+00 8.883000000000000895e-01 2.256000000000000227e-01 1.320700000000000207e+00 1.184400000000000119e+00 2.162000000000000033e-01 5.593000000000000194e-01 6.955999999999999961e-01 7.849000000000000421e-01 6.721000000000001418e-01 4.794000000000000483e-01 2.162000000000000033e-01 2.773000000000000465e-01 9.259000000000000563e-01 7.237999999999999989e-01 9.118000000000000549e-01 2.702500000000000568e+00 -9.999000000000000000e+03 -9.999000000000000000e+03 -9.999000000000000000e+03 -9.999000000000000000e+03 -9.999000000000000000e+03 -9.999000000000000000e+03 -9.999000000000000000e+03 -9.999000000000000000e+03 -9.999000000000000000e+03 -9.999000000000000000e+03
2.397000000000000242e-01 5.686999999999999833e-01 5.452000000000000179e-01 1.353600000000000136e+00 3.713000000000000189e-01 1.175000000000000072e-01 8.930000000000000437e-02 6.580000000000001403e-01 0.000000000000000000e+00 6.908999999999999586e-01 9.729000000000000981e-01 9.588000000000000966e-01 1.269000000000000128e+00 1.452300000000000146e+00 6.063000000000000611e-01 1.974000000000000199e-01 3.854000000000000203e-01 6.768000000000000682e-01 6.768000000000000682e-01 7.708000000000000407e-01 3.854000000000000203e-01 5.217000000000000526e-01 1.128000000000000114e-01 3.289999999999999869e-02 3.384000000000000341e-01 8.695000000000000506e-01 1.052799999999999958e+00 -9.999000000000000000e+03 -9.999000000000000000e+03 -9.999000000000000000e+03 -9.999000000000000000e+03 -9.999000000000000000e+03 -9.999000000000000000e+03 -9.999000000000000000e+03 -9.999000000000000000e+03 -9.999000000000000000e+03 -9.999000000000000000e+03
4.060800000000000409e+00 2.491000000000000159e-01 5.499000000000000554e-01 1.231400000000000050e+00 4.324000000000000066e-01 3.102000000000000313e-01 2.819999999999999729e-01 6.674000000000001043e-01 4.747000000000000663e-01 2.114999999999999936e-01 7.049999999999999600e-01 7.144000000000000350e-01 7.849000000000000421e-01 6.721000000000001418e-01 8.459999999999999742e-01 3.854000000000000203e-01 3.713000000000000189e-01 3.196000000000000507e-01 3.760000000000000009e-01 6.157000000000000250e-01 3.901000000000000578e-01 3.666000000000000369e-01 4.370999999999999885e-01 8.695000000000000506e-01 5.686999999999999833e-01 1.400600000000000067e+00 2.580300000000000260e+00 5.898500000000001187e+00 -9.999000000000000000e+03 -9.999000000000000000e+03 -9.999000000000000000e+03 -9.999000000000000000e+03 -9.999000000000000000e+03 -9.999000000000000000e+03 -9.999000000000000000e+03 -9.999000000000000000e+03 -9.999000000000000000e+03
1.504000000000000004e+00 4.606000000000000094e-01 7.144000000000000350e-01 3.055000000000000493e-01 4.277000000000000246e-01 3.243000000000000327e-01 5.169999999999999596e-02 6.110000000000000847e-02 0.000000000000000000e+00 0.000000000000000000e+00 2.067999999999999838e-01 2.067999999999999838e-01 3.948000000000000398e-01 3.948000000000000398e-01 4.135999999999999677e-01 3.055000000000000493e-01 4.042000000000000592e-01 1.128000000000000114e-01 3.196000000000000507e-01 3.713000000000000189e-01 3.666000000000000369e-01 3.243000000000000327e-01 3.901000000000000578e-01 2.740099999999999980e+00 2.773000000000000465e-01 1.419399999999999995e+00 1.659100000000000019e+00 2.302999999999999936e+00 4.483800000000000452e+00 -9.999000000000000000e+03 -9.999000000000000000e+03 -9.999000000000000000e+03 -9.999000000000000000e+03 -9.999000000000000000e+03 -9.999000000000000000e+03 -9.999000000000000000e+03 -9.999000000000000000e+03
2.016300000000000203e+00 2.801200000000000134e+00 9.822999999999999510e-01 1.005800000000000027e+00 7.237999999999999989e-01 1.363000000000000045e-01 1.175000000000000072e-01 1.222000000000000169e-01 3.149000000000000132e-01 3.901000000000000578e-01 3.854000000000000203e-01 3.008000000000000118e-01 3.196000000000000507e-01 3.572000000000000175e-01 1.645000000000000351e-01 4.183000000000000052e-01 3.102000000000000313e-01 2.773000000000000465e-01 1.081000000000000016e-01 2.819999999999999729e-01 1.269000000000000128e-01 3.901000000000000578e-01 4.841000000000000303e-01 9.259000000000000563e-01 1.607400000000000162e+00 1.292500000000000204e+00 1.081000000000000183e+00 3.402800000000000047e+00 2.660200000000000564e+00 4.479100000000000747e+00 -9.999000000000000000e+03 -9.999000000000000000e+03 -9.999000000000000000e+03 -9.999000000000000000e+03 -9.999000000000000000e+03 -9.999000000000000000e+03 -9.999000000000000000e+03
1.757800000000000029e+00 1.057500000000000107e+00 5.875000000000000222e-01 1.668499999999999872e+00 4.888000000000000678e-01 9.870000000000000995e-02 5.170000000000000151e-01 4.465000000000000080e-01 1.222000000000000169e-01 5.640000000000000568e-02 3.337000000000000521e-01 3.384000000000000341e-01 6.157000000000000250e-01 7.426000000000000378e-01 6.016000000000000236e-01 3.901000000000000578e-01 4.089000000000000412e-01 3.901000000000000578e-01 1.128000000000000114e-01 4.465000000000000080e-01 1.128000000000000114e-01 3.008000000000000118e-01 4.841000000000000303e-01 5.076000000000000512e-01 7.237999999999999989e-01 1.964599999999999902e+00 1.353600000000000136e+00 1.278400000000000203e+00 6.063000000000000611e-01 2.782399999999999984e+00 4.765800000000000480e+00 -9.999000000000000000e+03 -9.999000000000000000e+03 -9.999000000000000000e+03 -9.999000000000000000e+03 -9.999000000000000000e+03 -9.999000000000000000e+03
3.078500000000000458e+00 8.318999999999999728e-01 1.212600000000000122e+00 2.631999999999999895e-01 7.661000000000000032e-01 1.033999999999999919e-01 5.311000000000000165e-01 4.606000000000000094e-01 0.000000000000000000e+00 8.460000000000000853e-02 3.995000000000000218e-01 5.122999999999999776e-01 1.447599999999999998e+00 1.452300000000000146e+00 1.757800000000000029e+00 1.001100000000000101e+00 5.311000000000000165e-01 8.318999999999999728e-01 3.524999999999999800e-01 2.585000000000000075e-01 7.049999999999999323e-02 2.867000000000000104e-01 3.290000000000000702e-01 5.358000000000000540e-01 5.734000000000000208e-01 1.974000000000000199e-01 6.392000000000001014e-01 1.452300000000000146e+00 7.096999999999999975e-01 1.118600000000000039e+00 4.512000000000000455e-01 2.006899999999999906e+00 -9.999000000000000000e+03 -9.999000000000000000e+03 -9.999000000000000000e+03 -9.999000000000000000e+03 -9.999000000000000000e+03
1.499300000000000077e+00 1.941100000000000270e+00 2.284200000000000230e+00 2.021000000000000296e-01 2.589700000000000113e+00 9.870000000000000995e-02 3.901000000000000578e-01 1.128000000000000114e-01 7.049999999999999323e-02 6.579999999999999738e-02 8.695000000000000506e-01 8.789000000000000146e-01 3.177200000000000468e+00 2.425200000000000244e+00 2.913999999999999924e-01 4.841000000000000303e-01 1.992800000000000127e+00 9.635000000000001341e-01 3.901000000000000578e-01 3.807000000000000384e-01 3.337000000000000521e-01 3.337000000000000521e-01 3.196000000000000507e-01 3.901000000000000578e-01 5.405000000000000915e-01 4.653000000000000469e-01 4.465000000000000080e-01 4.934999999999999942e-01 7.190999999999999615e-01 9.822999999999999510e-01 7.003000000000000336e-01 8.741999999999999771e-01 -9.999000000000000000e+03 -9.999000000000000000e+03 -9.999000000000000000e+03 -9.999000000000000000e+03 -9.999000000000000000e+03
5.893800000000000594e+00 3.463900000000000201e+00 4.324000000000000066e-01 2.491000000000000159e-01 4.135999999999999677e-01 1.297200000000000131e+00 1.508700000000000152e+00 8.507000000000000117e-01 8.600999999999999757e-01 1.043400000000000105e+00 6.204000000000000625e-01 5.405000000000000915e-01 3.398099999999999898e+00 3.586100000000000065e+00 2.542700000000000404e+00 2.702500000000000568e+00 1.315999999999999948e-01 3.713000000000000189e-01 4.794000000000000483e-01 3.618999999999999995e-01 7.520000000000000295e-02 7.520000000000000295e-02 0.000000000000000000e+00 4.089000000000000412e-01 3.196000000000000507e-01 3.102000000000000313e-01 4.089000000000000412e-01 2.397000000000000242e-01 4.700000000000000289e-01 3.243000000000000327e-01 6.204000000000000625e-01 8.883000000000000895e-01 8.366000000000000103e-01 -9.999000000000000000e+03 -9.999000000000000000e+03 -9.999000000000000000e+03 -9.999000000000000000e+03
5.494299999999999962e+00 4.112499999999999822e+00 2.256000000000000227e-01 5.875000000000000222e-01 7.379000000000000004e-01 7.755000000000000782e-01 7.426000000000000378e-01 2.035099999999999909e+00 1.306600000000000206e+00 2.044500000000000206e+00 1.222000000000000169e-01 2.307700000000000085e+00 3.435700000000000198e+00 3.623700000000000365e+00 2.561500000000000110e+00 3.468599999999999905e+00 5.076000000000000512e-01 0.000000000000000000e+00 2.660200000000000564e+00 1.466400000000000148e+00 2.867000000000000104e-01 4.888000000000000678e-01 7.990000000000001268e-02 0.000000000000000000e+00 8.366000000000000103e-01 4.089000000000000412e-01 4.089000000000000412e-01 2.585000000000000075e-01 7.520000000000000295e-02 4.089000000000000412e-01 7.802000000000001156e-01 2.867000000000000104e-01 2.444000000000000339e-01 1.522800000000000153e+00 3.764700000000000379e+00 -9.999000000000000000e+03 -9.999000000000000000e+03
5.264000000000001123e+00 3.910400000000000542e+00 8.883000000000000895e-01 9.964000000000000634e-01 1.269000000000000128e-01 2.039800000000000058e+00 2.890499999999999847e+00 4.201800000000000423e+00 5.076000000000000512e-01 4.794000000000000483e-01 3.713000000000000189e-01 6.674000000000001043e-01 3.661300000000000221e+00 1.231400000000000050e+00 1.663799999999999946e+00 2.354700000000000237e+00 4.888000000000000678e-01 1.527500000000000080e+00 1.518100000000000005e+00 7.661000000000000032e-01 2.913999999999999924e-01 8.930000000000000437e-02 1.052799999999999958e+00 1.865900000000000114e+00 1.113900000000000112e+00 5.827999999999999847e-01 3.995000000000000218e-01 2.397000000000000242e-01 7.049999999999999323e-02 3.807000000000000384e-01 5.170000000000000151e-01 1.480500000000000149e+00 1.071600000000000108e+00 3.995000000000000218e-01 3.901000000000000689e+00 3.651900000000000368e+00 3.581400000000000361e+00
5.546000000000000263e+00 3.717700000000000227e+00 1.085700000000000109e+00 6.345000000000000639e-01 2.909299999999999997e+00 3.341699999999999893e+00 3.811700000000000532e+00 1.875300000000000189e+00 4.324000000000000066e-01 3.948000000000000398e-01 3.854000000000000203e-01 4.559000000000000274e-01 2.256000000000000227e-01 3.703600000000000225e+00 3.102000000000000313e+00 2.646100000000000563e+00 7.708000000000000407e-01 1.471100000000000074e+00 2.302999999999999936e+00 1.428800000000000070e+00 3.966800000000000104e+00 4.465000000000000080e-01 2.397000000000000242e-01 5.311000000000000165e-01 2.326500000000000234e+00 1.081000000000000183e+00 6.157000000000000250e-01 1.833000000000000185e-01 4.841000000000000303e-01 2.350000000000000144e-01 3.854000000000000203e-01 1.645000000000000351e-01 5.263999999999999790e-01 1.480500000000000149e+00 1.738999999999999990e-01 2.937500000000000000e+00 3.863400000000000389e+00
