data/C3/LAI_decid.dat
ncols         89
nrows         61
xllcorner     604704
yllcorner     7083008
cellsize      16
NODATA_value  -9999
[rows 17 to 33 of 61, columns 0 to 36 of 89]
-9.999000000000000000e+03 -9.999000000000000000e+03 1.190000000000000169e+00 8.679999999999999938e-01 1.750000000000000000e+00 1.288000000000000034e+00 1.008000000000000007e+00 2.800000000000000266e-01 3.220000000000000084e-01 4.760000000000000342e-01 1.106000000000000094e+00 7.419999999999999929e-01 9.800000000000000377e-02 1.680000000000000104e-01 1.539999999999999980e-01 8.120000000000000551e-01 1.302000000000000046e+00 1.302000000000000046e+00 1.078000000000000069e+00 2.212000000000000188e+00 2.576000000000000068e+00 3.192000000000000171e+00 3.276000000000000245e+00 3.009999999999999787e+00 1.946000000000000174e+00 2.099999999999999922e-01 1.764000000000000012e+00 7.280000000000000915e-01 1.078000000000000069e+00 1.218000000000000194e+00 4.480000000000000093e-01 2.240000000000000047e-01 1.539999999999999980e-01 1.539999999999999980e-01 9.800000000000000377e-02 5.880000000000000782e-01 3.500000000000000333e-01
-9.999000000000000000e+03 -9.999000000000000000e+03 3.360000000000000209e-01 3.009999999999999787e+00 7.840000000000000302e-01 1.400000000000000133e+00 4.339999999999999969e-01 3.640000000000000457e-01 4.339999999999999969e-01 4.620000000000000218e-01 7.560000000000000053e-01 3.220000000000000084e-01 3.640000000000000457e-01 9.800000000000000377e-02 8.400000000000000522e-02 1.400000000000000133e-01 1.400000000000000133e-01 1.218000000000000194e+00 2.491999999999999993e+00 9.240000000000000435e-01 1.540000000000000036e+00 2.113999999999999879e+00 3.500000000000000000e+00 1.735999999999999988e+00 1.764000000000000012e+00 1.568000000000000060e+00 1.456000000000000183e+00 1.414000000000000146e+00 5.600000000000000117e-02 1.245999999999999996e+00 1.400000000000000133e-01 6.020000000000000906e-01 1.680000000000000104e-01 1.539999999999999980e-01 1.539999999999999980e-01 1.960000000000000075e-01 1.120000000000000023e-01
-9.999000000000000000e+03 7.000000000000000666e-01 6.300000000000000044e-01 2.617999999999999883e+00 1.624000000000000110e+00 1.526000000000000023e+00 9.660000000000000808e-01 1.120000000000000023e-01 7.840000000000000302e-01 7.140000000000000790e-01 1.106000000000000094e+00 7.560000000000000053e-01 3.220000000000000084e-01 1.680000000000000104e-01 1.539999999999999980e-01 1.400000000000000133e-01 1.680000000000000104e-01 1.960000000000000075e-01 1.820000000000000229e-01 6.720000000000000417e-01 8.120000000000000551e-01 1.176000000000000156e+00 1.764000000000000012e+00 2.589999999999999858e+00 1.638000000000000123e+00 4.032000000000000028e+00 2.716000000000000192e+00 1.497999999999999998e+00 9.380000000000000560e-01 8.679999999999999938e-01 1.245999999999999996e+00 1.120000000000000107e+00 5.600000000000000533e-01 8.400000000000000522e-02 2.099999999999999922e-01 6.440000000000000169e-01 6.300000000000000044e-01
4.480000000000000093e-01 3.920000000000000151e-01 5.320000000000000284e-01 7.140000000000000790e-01 2.380000000000000171e-01 1.539999999999999980e-01 4.199999999999999845e-01 7.000000000000000666e-02 2.380000000000000171e-01 7.700000000000000178e-01 5.740000000000000657e-01 7.700000000000000178e-01 3.920000000000000151e-01 3.640000000000000457e-01 1.539999999999999980e-01 1.120000000000000023e-01 1.960000000000000075e-01 4.339999999999999969e-01 4.060000000000000275e-01 6.159999999999999920e-01 4.760000000000000342e-01 1.036000000000000032e+00 6.020000000000000906e-01 1.386000000000000121e+00 1.022000000000000020e+00 2.141999999999999904e+00 1.190000000000000169e+00 1.568000000000000060e+00 3.500000000000000333e-01 1.231999999999999984e+00 7.000000000000000666e-02 8.120000000000000551e-01 4.199999999999999845e-01 6.020000000000000906e-01 2.520000000000000018e-01 4.900000000000000466e-01 4.199999999999999845e-01
4.620000000000000218e-01 4.900000000000000466e-01 8.539999999999999813e-01 8.539999999999999813e-01 4.900000000000000466e-01 2.673999999999999932e+00 6.580000000000000293e-01 3.360000000000000209e-01 2.380000000000000171e-01 1.820000000000000229e-01 8.960000000000000187e-01 6.159999999999999920e-01 3.920000000000000151e-01 3.360000000000000209e-01 4.620000000000000218e-01 2.660000000000000142e-01 2.660000000000000142e-01 1.680000000000000104e-01 1.539999999999999980e-01 1.400000000000000133e-01 2.240000000000000047e-01 3.500000000000000333e-01 4.339999999999999969e-01 6.860000000000000542e-01 1.022000000000000020e+00 1.022000000000000020e+00 1.078000000000000069e+00 1.092000000000000082e+00 9.240000000000000435e-01 2.800000000000000266e-01 0.000000000000000000e+00 1.680000000000000104e-01 2.660000000000000142e-01 1.022000000000000020e+00 4.199999999999999845e-01 4.060000000000000275e-01 4.199999999999999845e-01
-9.999000000000000000e+03 3.220000000000000084e-01 4.480000000000000093e-01 4.760000000000000342e-01 1.008000000000000007e+00 1.036000000000000032e+00 3.640000000000000457e-01 8.260000000000000675e-01 2.520000000000000018e-01 1.820000000000000229e-01 1.120000000000000107e+00 7.980000000000000426e-01 8.820000000000000062e-01 6.440000000000000169e-01 5.880000000000000782e-01 2.380000000000000171e-01 1.539999999999999980e-01 1.539999999999999980e-01 3.079999999999999960e-01 7.000000000000000666e-02 1.260000000000000009e-01 4.199999999999999845e-01 2.800000000000000266e-01 2.800000000000000266e-01 3.920000000000000151e-01 6.720000000000000417e-01 1.288000000000000034e+00 8.679999999999999938e-01 1.050000000000000044e+00 1.302000000000000046e+00 7.980000000000000426e-01 4.900000000000000466e-01 4.620000000000000218e-01 4.900000000000000466e-01 1.400000000000000133e-01 2.660000000000000142e-01 9.940000000000001057e-01
-9.999000000000000000e+03 -9.999000000000000000e+03 1.960000000000000075e-01 3.920000000000000151e-01 7.840000000000000302e-01 7.840000000000000302e-01 8.679999999999999938e-01 3.640000000000000457e-01 2.520000000000000018e-01 8.679999999999999938e-01 0.000000000000000000e+00 1.428000000000000158e+00 1.707999999999999963e+00 1.148000000000000131e+00 6.440000000000000169e-01 4.620000000000000218e-01 4.200000000000000261e-02 4.199999999999999845e-01 2.099999999999999922e-01 3.640000000000000457e-01 4.060000000000000275e-01 1.680000000000000104e-01 7.000000000000000666e-02 1.400000000000000133e-01 1.680000000000000104e-01 3.220000000000000084e-01 6.300000000000000044e-01 1.764000000000000012e+00 1.750000000000000000e+00 2.156000000000000139e+00 1.218000000000000194e+00 1.456000000000000183e+00 1.386000000000000121e+00 9.240000000000000435e-01 5.180000000000000160e-01 1.820000000000000229e-01 3.640000000000000457e-01
-9.999000000000000000e+03 -9.999000000000000000e+03 -9.999000000000000000e+03 2.660000000000000142e-01 2.099999999999999922e-01 3.920000000000000151e-01 1.274000000000000021e+00 8.960000000000000187e-01 3.290000000000000036e+00 2.099999999999999922e-01 4.620000000000000218e-01 1.680000000000000104e-01 6.159999999999999920e-01 1.456000000000000183e+00 2.800000000000000266e-01 2.940000000000000391e-01 4.060000000000000275e-01 2.099999999999999922e-01 2.099999999999999922e-01 3.640000000000000457e-01 4.480000000000000093e-01 3.220000000000000084e-01 1.539999999999999980e-01 1.820000000000000229e-01 2.940000000000000391e-01 5.320000000000000284e-01 8.679999999999999938e-01 1.960000000000000075e-01 1.106000000000000094e+00 1.344000000000000083e+00 1.176000000000000156e+00 6.020000000000000906e-01 1.231999999999999984e+00 4.060000000000000275e-01 5.740000000000000657e-01 1.302000000000000046e+00 6.020000000000000906e-01
-9.999000000000000000e+03 -9.999000000000000000e+03 -9.999000000000000000e+03 -9.999000000000000000e+03 -9.999000000000000000e+03 1.078000000000000069e+00 4.199999999999999845e-01 6.720000000000000417e-01 8.679999999999999938e-01 1.638000000000000123e+00 7.700000000000000178e-01 4.199999999999999845e-01 4.760000000000000342e-01 9.660000000000000808e-01 9.380000000000000560e-01 5.040000000000000036e-01 4.339999999999999969e-01 1.960000000000000075e-01 4.339999999999999969e-01 5.740000000000000657e-01 3.780000000000000027e-01 2.099999999999999922e-01 1.539999999999999980e-01 2.520000000000000018e-01 3.360000000000000209e-01 3.920000000000000151e-01 6.440000000000000169e-01 7.419999999999999929e-01 9.520000000000000684e-01 1.218000000000000194e+00 1.245999999999999996e+00 1.330000000000000071e+00 1.302000000000000046e+00 2.632000000000000117e+00 9.520000000000000684e-01 1.120000000000000107e+00 8.679999999999999938e-01
-9.999000000000000000e+03 -9.999000000000000000e+03 -9.999000000000000000e+03 -9.999000000000000000e+03 -9.999000000000000000e+03 -9.999000000000000000e+03 1.190000000000000169e+00 1.162000000000000144e+00 3.640000000000000457e-01 3.780000000000000027e-01 1.483999999999999986e+00 4.760000000000000342e-01 4.620000000000000218e-01 2.240000000000000047e-01 1.512000000000000011e+00 5.600000000000000533e-01 4.199999999999999845e-01 3.360000000000000209e-01 6.020000000000000906e-01 3.500000000000000333e-01 3.500000000000000333e-01 1.820000000000000229e-01 1.820000000000000229e-01 2.660000000000000142e-01 1.120000000000000023e-01 4.199999999999999845e-01 4.760000000000000342e-01 5.460000000000000409e-01 3.079999999999999960e-01 3.500000000000000333e-01 2.520000000000000018e-01 3.640000000000000457e-01 4.199999999999999845e-01 1.820000000000000229e-01 1.078000000000000069e+00 7.140000000000000790e-01 1.274000000000000021e+00
-9.999000000000000000e+03 -9.999000000000000000e+03 -9.999000000000000000e+03 -9.999000000000000000e+03 -9.999000000000000000e+03 -9.999000000000000000e+03 -9.999000000000000000e+03 6.580000000000000293e-01 5.460000000000000409e-01 1.260000000000000009e-01 1.820000000000000229e-01 2.967999999999999972e+00 1.162000000000000144e+00 7.419999999999999929e-01 8.539999999999999813e-01 6.860000000000000542e-01 1.469999999999999973e+00 4.480000000000000093e-01 5.180000000000000160e-01 1.820000000000000229e-01 7.000000000000000666e-02 1.960000000000000075e-01 2.520000000000000018e-01 1.539999999999999980e-01 0.000000000000000000e+00 4.200000000000000261e-02 2.940000000000000391e-01 4.480000000000000093e-01 3.780000000000000027e-01 3.360000000000000209e-01 3.500000000000000333e-01 2.099999999999999922e-01 1.820000000000000229e-01 1.820000000000000229e-01 7.840000000000000302e-01 6.720000000000000417e-01 1.778000000000000025e+00
-9.999000000000000000e+03 -9.999000000000000000e+03 -9.999000000000000000e+03 -9.999000000000000000e+03 -9.999000000000000000e+03 -9.999000000000000000e+03 -9.999000000000000000e+03 5.740000000000000657e-01 8.260000000000000675e-01 1.064000000000000057e+00 5.460000000000000409e-01 1.539999999999999980e-01 3.360000000000000209e-01 3.541999999999999815e+00 2.772000000000000242e+00 2.533999999999999808e+00 1.469999999999999973e+00 1.497999999999999998e+00 3.304000000000000270e+00 2.408000000000000362e+00 7.000000000000000666e-02 5.880000000000000782e-01 3.220000000000000084e-01 5.040000000000000036e-01 9.100000000000000311e-01 3.500000000000000333e-01 2.800000000000000266e-01 3.640000000000000457e-01 1.960000000000000075e-01 3.500000000000000333e-01 3.500000000000000333e-01 3.780000000000000027e-01 3.780000000000000027e-01 1.539999999999999980e-01 7.980000000000000426e-01 1.064000000000000057e+00 1.540000000000000036e+00
-9.999000000000000000e+03 -9.999000000000000000e+03 -9.999000000000000000e+03 -9.999000000000000000e+03 -9.999000000000000000e+03 -9.999000000000000000e+03 -9.999000000000000000e+03 -9.999000000000000000e+03 1.539999999999999980e-01 3.920000000000000151e-01 1.036000000000000032e+00 6.300000000000000044e-01 3.360000000000000209e-01 3.220000000000000084e-01 5.600000000000000533e-01 5.880000000000000782e-01 5.040000000000000036e-01 5.180000000000000160e-01 3.164000000000000146e+00 3.359999999999999876e+00 2.729999999999999982e+00 3.584000000000000075e+00 1.539999999999999980e-01 4.620000000000000218e-01 1.190000000000000169e+00 5.040000000000000036e-01 6.720000000000000417e-01 1.539999999999999980e-01 1.539999999999999980e-01 1.680000000000000104e-01 1.820000000000000229e-01 4.339999999999999969e-01 5.040000000000000036e-01 2.800000000000000266e-01 1.539999999999999980e-01 1.820000000000000229e-01 1.231999999999999984e+00
-9.999000000000000000e+03 -9.999000000000000000e+03 -9.999000000000000000e+03 -9.999000000000000000e+03 -9.999000000000000000e+03 -9.999000000000000000e+03 -9.999000000000000000e+03 -9.999000000000000000e+03 -9.999000000000000000e+03 1.120000000000000023e-01 7.140000000000000790e-01 2.660000000000000142e-01 2.099999999999999922e-01 5.180000000000000160e-01 3.220000000000000084e-01 1.064000000000000057e+00 5.880000000000000782e-01 5.040000000000000036e-01 5.040000000000000036e-01 4.060000000000000275e-01 3.220000000000000084e-01 2.141999999999999904e+00 2.310000000000000053e+00 0.000000000000000000e+00 1.554000000000000048e+00 3.220000000000000084e-01 7.980000000000000426e-01 2.380000000000000171e-01 1.680000000000000104e-01 1.680000000000000104e-01 1.539999999999999980e-01 1.539999999999999980e-01 4.339999999999999969e-01 7.000000000000000666e-01 6.720000000000000417e-01 1.539999999999999980e-01 1.400000000000000133e-01
-9.999000000000000000e+03 -9.999000000000000000e+03 -9.999000000000000000e+03 -9.999000000000000000e+03 -9.999000000000000000e+03 -9.999000000000000000e+03 -9.999000000000000000e+03 -9.999000000000000000e+03 -9.999000000000000000e+03 -9.999000000000000000e+03 5.740000000000000657e-01 3.079999999999999960e-01 4.620000000000000218e-01 4.339999999999999969e-01 3.360000000000000209e-01 1.022000000000000020e+00 4.199999999999999845e-01 3.780000000000000027e-01 4.620000000000000218e-01 5.460000000000000409e-01 4.480000000000000093e-01 4.620000000000000218e-01 2.324000000000000288e+00 7.000000000000000666e-01 9.800000000000000377e-02 8.400000000000000522e-02 1.022000000000000020e+00 1.820000000000000229e-01 4.339999999999999969e-01 3.920000000000000151e-01 1.680000000000000104e-01 7.280000000000000915e-01 9.240000000000000435e-01 9.800000000000000933e-01 7.419999999999999929e-01 6.159999999999999920e-01 1.539999999999999980e-01
-9.999000000000000000e+03 -9.999000000000000000e+03 -9.999000000000000000e+03 -9.999000000000000000e+03 -9.999000000000000000e+03 -9.999000000000000000e+03 -9.999000000000000000e+03 -9.999000000000000000e+03 -9.999000000000000000e+03 -9.999000000000000000e+03 -9.999000000000000000e+03 -9.999000000000000000e+03 6.860000000000000542e-01 4.480000000000000093e-01 5.460000000000000409e-01 5.460000000000000409e-01 4.480000000000000093e-01 3.640000000000000457e-01 3.920000000000000151e-01 5.600000000000000533e-01 3.500000000000000333e-01 5.460000000000000409e-01 4.480000000000000093e-01 1.820000000000000229e-01 1.428000000000000158e+00 2.099999999999999922e-01 1.960000000000000075e-01 6.860000000000000542e-01 1.134000000000000119e+00 7.700000000000000178e-01 7.419999999999999929e-01 4.199999999999999845e-01 9.660000000000000808e-01 8.260000000000000675e-01 7.700000000000000178e-01 6.720000000000000417e-01 2.240000000000000047e-01
-9.999000000000000000e+03 -9.999000000000000000e+03 -9.999000000000000000e+03 -9.999000000000000000e+03 -9.999000000000000000e+03 -9.999000000000000000e+03 -9.999000000000000000e+03 -9.999000000000000000e+03 -9.999000000000000000e+03 -9.999000000000000000e+03 -9.999000000000000000e+03 -9.999000000000000000e+03 -9.999000000000000000e+03 7.980000000000000426e-01 5.600000000000000533e-01 9.800000000000000933e-01 9.520000000000000684e-01 3.920000000000000151e-01 2.660000000000000142e-01 3.640000000000000457e-01 1.036000000000000032e+00 9.660000000000000808e-01 5.600000000000000533e-01 5.740000000000000657e-01 4.760000000000000342e-01 4.060000000000000275e-01 2.520000000000000018e-01 6.860000000000000542e-01 7.419999999999999929e-01 6.159999999999999920e-01 2.940000000000000391e-01 6.580000000000000293e-01 4.339999999999999969e-01 4.480000000000000093e-01 4.620000000000000218e-01 3.220000000000000084e-01 7.280000000000000915e-01
