data/C3/LAI_decid.dat
ncols         89
nrows         61
xllcorner     604704
yllcorner     7083008
cellsize      16
NODATA_value  -9999
[rows 0 to 16 of 61, columns 0 to 36 of 89]
-9.999000000000000000e+03 -9.999000000000000000e+03 -9.999000000000000000e+03 -9.999000000000000000e+03 -9.999000000000000000e+03 -9.999000000000000000e+03 -9.999000000000000000e+03 -9.999000000000000000e+03 -9.999000000000000000e+03 1.400000000000000133e-01 1.260000000000000009e-01 2.520000000000000018e-01 3.220000000000000084e-01 3.780000000000000027e-01 1.162000000000000144e+00 3.920000000000000151e-01 -9.999000000000000000e+03 -9.999000000000000000e+03 -9.999000000000000000e+03 -9.999000000000000000e+03 -9.999000000000000000e+03 -9.999000000000000000e+03 -9.999000000000000000e+03 -9.999000000000000000e+03 -9.999000000000000000e+03 -9.999000000000000000e+03 -9.999000000000000000e+03 -9.999000000000000000e+03 -9.999000000000000000e+03 -9.999000000000000000e+03 -9.999000000000000000e+03 -9.999000000000000000e+03 -9.999000000000000000e+03 -9.999000000000000000e+03 -9.999000000000000000e+03 -9.999000000000000000e+03 -9.999000000000000000e+03
-9.999000000000000000e+03 -9.999000000000000000e+03 -9.999000000000000000e+03 -9.999000000000000000e+03 -9.999000000000000000e+03 -9.999000000000000000e+03 -9.999000000000000000e+03 -9.999000000000000000e+03 1.064000000000000057e+00 1.540000000000000036e+00 7.840000000000000302e-01 8.820000000000000062e-01 2.520000000000000018e-01 5.740000000000000657e-01 5.040000000000000036e-01 4.900000000000000466e-01 1.539999999999999980e-01 -9.999000000000000000e+03 -9.999000000000000000e+03 -9.999000000000000000e+03 -9.999000000000000000e+03 -9.999000000000000000e+03 -9.999000000000000000e+03 -9.999000000000000000e+03 -9.999000000000000000e+03 -9.999000000000000000e+03 -9.999000000000000000e+03 -9.999000000000000000e+03 -9.999000000000000000e+03 -9.999000000000000000e+03 -9.999000000000000000e+03 -9.999000000000000000e+03 -9.999000000000000000e+03 -9.999000000000000000e+03 -9.999000000000000000e+03 -9.999000000000000000e+03 -9.999000000000000000e+03
-9.999000000000000000e+03 -9.999000000000000000e+03 -9.999000000000000000e+03 -9.999000000000000000e+03 -9.999000000000000000e+03 -9.999000000000000000e+03 -9.999000000000000000e+03 -9.999000000000000000e+03 8.399999999999999689e-01 1.526000000000000023e+00 7.419999999999999929e-01 1.483999999999999986e+00 7.000000000000000666e-01 3.500000000000000333e-01 5.460000000000000409e-01 2.800000000000000266e-01 4.480000000000000093e-01 -9.999000000000000000e+03 -9.999000000000000000e+03 -9.999000000000000000e+03 -9.999000000000000000e+03 -9.999000000000000000e+03 -9.999000000000000000e+03 -9.999000000000000000e+03 -9.999000000000000000e+03 -9.999000000000000000e+03 -9.999000000000000000e+03 -9.999000000000000000e+03 -9.999000000000000000e+03 -9.999000000000000000e+03 -9.999000000000000000e+03 -9.999000000000000000e+03 -9.999000000000000000e+03 -9.999000000000000000e+03 -9.999000000000000000e+03 -9.999000000000000000e+03 -9.999000000000000000e+03
-9.999000000000000000e+03 -9.999000000000000000e+03 -9.999000000000000000e+03 -9.999000000000000000e+03 -9.999000000000000000e+03 -9.999000000000000000e+03 -9.999000000000000000e+03 -9.999000000000000000e+03 4.620000000000000218e-01 1.820000000000000229e-01 1.022000000000000020e+00 7.140000000000000790e-01 5.460000000000000409e-01 1.960000000000000075e-01 4.480000000000000093e-01 8.260000000000000675e-01 8.679999999999999938e-01 1.666000000000000147e+00 -9.999000000000000000e+03 -9.999000000000000000e+03 -9.999000000000000000e+03 -9.999000000000000000e+03 -9.999000000000000000e+03 -9.999000000000000000e+03 -9.999000000000000000e+03 -9.999000000000000000e+03 -9.999000000000000000e+03 -9.999000000000000000e+03 -9.999000000000000000e+03 -9.999000000000000000e+03 -9.999000000000000000e+03 -9.999000000000000000e+03 -9.999000000000000000e+03 -9.999000000000000000e+03 -9.999000000000000000e+03 -9.999000000000000000e+03 -9.999000000000000000e+03
-9.999000000000000000e+03 -9.999000000000000000e+03 -9.999000000000000000e+03 -9.999000000000000000e+03 -9.999000000000000000e+03 -9.999000000000000000e+03 -9.999000000000000000e+03 -9.999000000000000000e+03 4.480000000000000093e-01 5.180000000000000160e-01 4.620000000000000218e-01 1.680000000000000104e-01 4.060000000000000275e-01 1.497999999999999998e+00 3.220000000000000084e-01 1.162000000000000144e+00 1.372000000000000108e+00 2.057999999999999829e+00 1.610000000000000098e+00 -9.999000000000000000e+03 -9.999000000000000000e+03 -9.999000000000000000e+03 -9.999000000000000000e+03 -9.999000000000000000e+03 -9.999000000000000000e+03 -9.999000000000000000e+03 -9.999000000000000000e+03 -9.999000000000000000e+03 -9.999000000000000000e+03 -9.999000000000000000e+03 -9.999000000000000000e+03 -9.999000000000000000e+03 -9.999000000000000000e+03 -9.999000000000000000e+03 -9.999000000000000000e+03 -9.999000000000000000e+03 -9.999000000000000000e+03
-9.999000000000000000e+03 -9.999000000000000000e+03 -9.999000000000000000e+03 -9.999000000000000000e+03 -9.999000000000000000e+03 -9.999000000000000000e+03 -9.999000000000000000e+03 -9.999000000000000000e+03 -9.999000000000000000e+03 4.620000000000000218e-01 4.620000000000000218e-01 5.320000000000000284e-01 5.180000000000000160e-01 7.840000000000000302e-01 1.372000000000000108e+00 1.469999999999999973e+00 2.800000000000000266e-01 1.721999999999999975e+00 2.044000000000000039e+00 3.500000000000000333e-01 1.414000000000000146e+00 -9.999000000000000000e+03 -9.999000000000000000e+03 -9.999000000000000000e+03 -9.999000000000000000e+03 -9.999000000000000000e+03 -9.999000000000000000e+03 -9.999000000000000000e+03 -9.999000000000000000e+03 -9.999000000000000000e+03 -9.999000000000000000e+03 -9.999000000000000000e+03 -9.999000000000000000e+03 -9.999000000000000000e+03 -9.999000000000000000e+03 -9.999000000000000000e+03 7.560000000000000053e-01
-9.999000000000000000e+03 -9.999000000000000000e+03 -9.999000000000000000e+03 -9.999000000000000000e+03 -9.999000000000000000e+03 -9.999000000000000000e+03 -9.999000000000000000e+03 -9.999000000000000000e+03 -9.999000000000000000e+03 -9.999000000000000000e+03 1.960000000000000075e-01 2.380000000000000171e-01 7.280000000000000915e-01 5.320000000000000284e-01 1.624000000000000110e+00 9.660000000000000808e-01 1.036000000000000032e+00 3.387999999999999901e+00 1.960000000000000187e+00 1.092000000000000082e+00 1.778000000000000025e+00 1.456000000000000183e+00 3.780000000000000027e-01 -9.999000000000000000e+03 -9.999000000000000000e+03 -9.999000000000000000e+03 -9.999000000000000000e+03 -9.999000000000000000e+03 -9.999000000000000000e+03 -9.999000000000000000e+03 -9.999000000000000000e+03 -9.999000000000000000e+03 -9.999000000000000000e+03 -9.999000000000000000e+03 -9.999000000000000000e+03 7.980000000000000426e-01 7.980000000000000426e-01
-9.999000000000000000e+03 -9.999000000000000000e+03 -9.999000000000000000e+03 -9.999000000000000000e+03 -9.999000000000000000e+03 -9.999000000000000000e+03 -9.999000000000000000e+03 -9.999000000000000000e+03 -9.999000000000000000e+03 -9.999000000000000000e+03 1.960000000000000075e-01 3.220000000000000084e-01 4.480000000000000093e-01 7.419999999999999929e-01 5.460000000000000409e-01 2.197999999999999954e+00 1.078000000000000069e+00 2.953999999999999737e+00 2.463999999999999968e+00 2.225999999999999979e+00 1.918000000000000149e+00 2.786000000000000032e+00 1.890000000000000124e+00 2.520000000000000018e-01 7.280000000000000915e-01 -9.999000000000000000e+03 -9.999000000000000000e+03 -9.999000000000000000e+03 -9.999000000000000000e+03 -9.999000000000000000e+03 -9.999000000000000000e+03 -9.999000000000000000e+03 -9.999000000000000000e+03 1.372000000000000108e+00 1.400000000000000133e+00 1.582000000000000073e+00 1.554000000000000048e+00
-9.999000000000000000e+03 -9.999000000000000000e+03 -9.999000000000000000e+03 -9.999000000000000000e+03 -9.999000000000000000e+03 -9.999000000000000000e+03 -9.999000000000000000e+03 -9.999000000000000000e+03 -9.999000000000000000e+03 -9.999000000000000000e+03 1.960000000000000075e-01 3.079999999999999960e-01 7.560000000000000053e-01 8.399999999999999689e-01 4.900000000000000466e-01 1.806000000000000050e+00 2.925999999999999712e+00 2.729999999999999982e+00 2.044000000000000039e+00 2.576000000000000068e+00 1.456000000000000183e+00 1.792000000000000037e+00 1.176000000000000156e+00 1.904000000000000137e+00 1.582000000000000073e+00 4.760000000000000342e-01 -9.999000000000000000e+03 -9.999000000000000000e+03 -9.999000000000000000e+03 -9.999000000000000000e+03 -9.999000000000000000e+03 -9.999000000000000000e+03 7.560000000000000053e-01 6.440000000000000169e-01 1.582000000000000073e+00 1.946000000000000174e+00 1.988000000000000211e+00
-9.999000000000000000e+03 -9.999000000000000000e+03 -9.999000000000000000e+03 -9.999000000000000000e+03 -9.999000000000000000e+03 -9.999000000000000000e+03 -9.999000000000000000e+03 -9.999000000000000000e+03 -9.999000000000000000e+03 -9.999000000000000000e+03 1.680000000000000104e-01 2.800000000000000266e-01 4.339999999999999969e-01 0.000000000000000000e+00 6.300000000000000044e-01 1.750000000000000000e+00 1.778000000000000025e+00 3.149999999999999911e+00 2.548000000000000043e+00 2.561999999999999833e+00 2.366000000000000103e+00 1.596000000000000085e+00 1.540000000000000036e+00 1.876000000000000112e+00 8.820000000000000062e-01 5.180000000000000160e-01 1.483999999999999986e+00 -9.999000000000000000e+03 -9.999000000000000000e+03 -9.999000000000000000e+03 1.400000000000000133e+00 1.386000000000000121e+00 2.660000000000000142e-01 1.428000000000000158e+00 5.600000000000000533e-01 8.260000000000000675e-01 1.469999999999999973e+00
-9.999000000000000000e+03 -9.999000000000000000e+03 -9.999000000000000000e+03 -9.999000000000000000e+03 -9.999000000000000000e+03 -9.999000000000000000e+03 -9.999000000000000000e+03 -9.999000000000000000e+03 -9.999000000000000000e+03 -9.999000000000000000e+03 1.820000000000000229e-01 2.380000000000000171e-01 5.600000000000000117e-02 1.680000000000000104e-01 1.260000000000000009e+00 7.700000000000000178e-01 1.652000000000000135e+00 2.324000000000000288e+00 2.589999999999999858e+00 2.240000000000000213e+00 2.310000000000000053e+00 2.589999999999999858e+00 2.604000000000000092e+00 2.002000000000000224e+00 1.204000000000000181e+00 1.693999999999999950e+00 2.016000000000000014e+00 1.582000000000000073e+00 1.386000000000000121e+00 1.344000000000000083e+00 1.526000000000000023e+00 6.580000000000000293e-01 5.040000000000000036e-01 9.800000000000000377e-02 4.900000000000000466e-01 6.440000000000000169e-01 1.652000000000000135e+00
-9.999000000000000000e+03 -9.999000000000000000e+03 -9.999000000000000000e+03 -9.999000000000000000e+03 -9.999000000000000000e+03 -9.999000000000000000e+03 -9.999000000000000000e+03 -9.999000000000000000e+03 -9.999000000000000000e+03 -9.999000000000000000e+03 1.820000000000000229e-01 1.960000000000000075e-01 1.539999999999999980e-01 6.300000000000000044e-01 3.220000000000000084e-01 2.716000000000000192e+00 2.981999999999999762e+00 2.113999999999999879e+00 2.057999999999999829e+00 2.463999999999999968e+00 2.520000000000000018e+00 2.254000000000000004e+00 2.169999999999999929e+00 3.780000000000000027e-01 1.693999999999999950e+00 1.834000000000000075e+00 2.310000000000000053e+00 1.721999999999999975e+00 1.469999999999999973e+00 1.022000000000000020e+00 1.428000000000000158e+00 3.500000000000000333e-01 2.940000000000000391e-01 3.079999999999999960e-01 6.860000000000000542e-01 7.140000000000000790e-01 9.240000000000000435e-01
-9.999000000000000000e+03 -9.999000000000000000e+03 -9.999000000000000000e+03 -9.999000000000000000e+03 -9.999000000000000000e+03 -9.999000000000000000e+03 -9.999000000000000000e+03 -9.999000000000000000e+03 -9.999000000000000000e+03 2.800000000000000266e-01 2.800000000000000266e-01 4.339999999999999969e-01 4.060000000000000275e-01 1.428000000000000158e+00 1.876000000000000112e+00 1.946000000000000174e+00 3.402000000000000135e+00 2.197999999999999954e+00 1.932000000000000162e+00 1.414000000000000146e+00 1.526000000000000023e+00 1.960000000000000187e+00 2.324000000000000288e+00 7.140000000000000790e-01 1.610000000000000098e+00 1.679999999999999938e+00 1.778000000000000025e+00 1.721999999999999975e+00 1.162000000000000144e+00 3.780000000000000027e-01 3.780000000000000027e-01 2.660000000000000142e-01 1.442000000000000171e+00 1.554000000000000048e+00 1.245999999999999996e+00 4.760000000000000342e-01 5.180000000000000160e-01
-9.999000000000000000e+03 -9.999000000000000000e+03 -9.999000000000000000e+03 -9.999000000000000000e+03 -9.999000000000000000e+03 -9.999000000000000000e+03 -9.999000000000000000e+03 6.440000000000000169e-01 4.060000000000000275e-01 2.660000000000000142e-01 1.680000000000000104e-01 3.920000000000000151e-01 7.140000000000000790e-01 1.428000000000000158e+00 2.169999999999999929e+00 2.380000000000000338e+00 3.653999999999999915e+00 2.225999999999999979e+00 1.456000000000000183e+00 1.078000000000000069e+00 1.064000000000000057e+00 1.932000000000000162e+00 2.324000000000000288e+00 1.120000000000000107e+00 7.140000000000000790e-01 1.442000000000000171e+00 1.652000000000000135e+00 1.358000000000000096e+00 6.860000000000000542e-01 1.820000000000000229e-01 1.050000000000000044e+00 6.020000000000000906e-01 7.980000000000000426e-01 6.580000000000000293e-01 4.480000000000000093e-01 2.240000000000000047e-01 8.399999999999999689e-01
-9.999000000000000000e+03 -9.999000000000000000e+03 -9.999000000000000000e+03 -9.999000000000000000e+03 -9.999000000000000000e+03 -9.999000000000000000e+03 5.180000000000000160e-01 6.020000000000000906e-01 5.320000000000000284e-01 4.060000000000000275e-01 1.680000000000000104e-01 2.800000000000000266e-01 3.079999999999999960e-01 9.800000000000000933e-01 1.820000000000000062e+00 3.052000000000000046e+00 2.870000000000000107e+00 2.786000000000000032e+00 1.890000000000000124e+00 1.148000000000000131e+00 1.050000000000000044e+00 1.497999999999999998e+00 1.554000000000000048e+00 1.022000000000000020e+00 1.890000000000000124e+00 7.280000000000000915e-01 1.344000000000000083e+00 6.580000000000000293e-01 4.620000000000000218e-01 9.100000000000000311e-01 3.220000000000000084e-01 1.162000000000000144e+00 8.399999999999999689e-01 1.064000000000000057e+00 1.624000000000000110e+00 1.414000000000000146e+00 1.092000000000000082e+00
-9.999000000000000000e+03 -9.999000000000000000e+03 -9.999000000000000000e+03 -9.999000000000000000e+03 -9.999000000000000000e+03 3.780000000000000027e-01 1.960000000000000075e-01 1.820000000000000229e-01 3.360000000000000209e-01 7.140000000000000790e-01 5.180000000000000160e-01 2.660000000000000142e-01 1.539999999999999980e-01 1.050000000000000044e+00 8.679999999999999938e-01 2.044000000000000039e+00 2.884000000000000341e+00 2.701999999999999957e+00 1.778000000000000025e+00 1.904000000000000137e+00 1.792000000000000037e+00 2.240000000000000213e+00 2.072000000000000064e+00 1.274000000000000021e+00 1.414000000000000146e+00 1.862000000000000099e+00 1.652000000000000135e+00 7.280000000000000915e-01 8.399999999999999689e-01 6.020000000000000906e-01 1.512000000000000011e+00 1.386000000000000121e+00 1.245999999999999996e+00 3.360000000000000209e-01 1.946000000000000174e+00 9.800000000000000933e-01 1.000000000000000021e-02
-9.999000000000000000e+03 -9.999000000000000000e+03 -9.999000000000000000e+03 -9.999000000000000000e+03 9.240000000000000435e-01 2.099999999999999922e-01 3.500000000000000333e-01 1.820000000000000229e-01 3.220000000000000084e-01 3.500000000000000333e-01 8.120000000000000551e-01 7.280000000000000915e-01 4.060000000000000275e-01 4.060000000000000275e-01 1.120000000000000107e+00 1.442000000000000171e+00 1.778000000000000025e+00 2.085999999999999854e+00 2.282000000000000028e+00 3.177999999999999936e+00 2.967999999999999972e+00 3.009999999999999787e+00 2.561999999999999833e+00 2.029999999999999805e+00 9.800000000000000377e-02 1.162000000000000144e+00 1.918000000000000149e+00 1.274000000000000021e+00 1.260000000000000009e+00 1.245999999999999996e+00 6.300000000000000044e-01 1.008000000000000007e+00 4.620000000000000218e-01 5.460000000000000409e-01 5.880000000000000782e-01 0.000000000000000000e+00 1.000000000000000021e-02
