data/C3/LAI_spruce.dat
ncols         89
nrows         61
xllcorner     604704
yllcorner     7083008
cellsize      16
NODATA_value  -9999
[rows 0 to 16 of 61, columns 0 to 36 of 89]
-9.999000000000000000e+03 -9.999000000000000000e+03 -9.999000000000000000e+03 -9.999000000000000000e+03 -9.999000000000000000e+03 -9.999000000000000000e+03 -9.999000000000000000e+03 -9.999000000000000000e+03 -9.999000000000000000e+03 3.055000000000000493e-01 0.000000000000000000e+00 7.755000000000000782e-01 3.285300000000000331e+00 4.126599999999999824e+00 3.539100000000000357e+00 2.848199999999999843e+00 -9.999000000000000000e+03 -9.999000000000000000e+03 -9.999000000000000000e+03 -9.999000000000000000e+03 -9.999000000000000000e+03 -9.999000000000000000e+03 -9.999000000000000000e+03 -9.999000000000000000e+03 -9.999000000000000000e+03 -9.999000000000000000e+03 -9.999000000000000000e+03 -9.999000000000000000e+03 -9.999000000000000000e+03 -9.999000000000000000e+03 -9.999000000000000000e+03 -9.999000000000000000e+03 -9.999000000000000000e+03 -9.999000000000000000e+03 -9.999000000000000000e+03 -9.999000000000000000e+03 -9.999000000000000000e+03
-9.999000000000000000e+03 -9.999000000000000000e+03 -9.999000000000000000e+03 -9.999000000000000000e+03 -9.999000000000000000e+03 -9.999000000000000000e+03 -9.999000000000000000e+03 -9.999000000000000000e+03 2.444000000000000339e-01 5.405000000000000915e-01 1.536900000000000155e+00 2.547400000000000109e+00 9.635000000000001341e-01 4.610700000000000465e+00 2.829400000000000137e+00 3.520300000000000207e+00 5.452000000000000179e-01 -9.999000000000000000e+03 -9.999000000000000000e+03 -9.999000000000000000e+03 -9.999000000000000000e+03 -9.999000000000000000e+03 -9.999000000000000000e+03 -9.999000000000000000e+03 -9.999000000000000000e+03 -9.999000000000000000e+03 -9.999000000000000000e+03 -9.999000000000000000e+03 -9.999000000000000000e+03 -9.999000000000000000e+03 -9.999000000000000000e+03 -9.999000000000000000e+03 -9.999000000000000000e+03 -9.999000000000000000e+03 -9.999000000000000000e+03 -9.999000000000000000e+03 -9.999000000000000000e+03
-9.999000000000000000e+03 -9.999000000000000000e+03 -9.999000000000000000e+03 -9.999000000000000000e+03 -9.999000000000000000e+03 -9.999000000000000000e+03 -9.999000000000000000e+03 -9.999000000000000000e+03 2.763599999999999834e+00 7.379000000000000004e-01 1.489900000000000002e+00 1.894100000000000117e+00 7.426000000000000378e-01 3.863400000000000389e+00 4.441500000000000448e+00 1.748399999999999954e+00 6.627000000000000668e-01 -9.999000000000000000e+03 -9.999000000000000000e+03 -9.999000000000000000e+03 -9.999000000000000000e+03 -9.999000000000000000e+03 -9.999000000000000000e+03 -9.999000000000000000e+03 -9.999000000000000000e+03 -9.999000000000000000e+03 -9.999000000000000000e+03 -9.999000000000000000e+03 -9.999000000000000000e+03 -9.999000000000000000e+03 -9.999000000000000000e+03 -9.999000000000000000e+03 -9.999000000000000000e+03 -9.999000000000000000e+03 -9.999000000000000000e+03 -9.999000000000000000e+03 -9.999000000000000000e+03
-9.999000000000000000e+03 -9.999000000000000000e+03 -9.999000000000000000e+03 -9.999000000000000000e+03 -9.999000000000000000e+03 -9.999000000000000000e+03 -9.999000000000000000e+03 -9.999000000000000000e+03 3.741200000000000525e+00 2.914000000000000146e+00 5.734000000000000208e-01 6.721000000000001418e-01 6.063000000000000611e-01 1.081000000000000016e-01 3.713000000000000522e+00 1.137399999999999967e+00 1.377099999999999991e+00 2.726000000000000090e-01 -9.999000000000000000e+03 -9.999000000000000000e+03 -9.999000000000000000e+03 -9.999000000000000000e+03 -9.999000000000000000e+03 -9.999000000000000000e+03 -9.999000000000000000e+03 -9.999000000000000000e+03 -9.999000000000000000e+03 -9.999000000000000000e+03 -9.999000000000000000e+03 -9.999000000000000000e+03 -9.999000000000000000e+03 -9.999000000000000000e+03 -9.999000000000000000e+03 -9.999000000000000000e+03 -9.999000000000000000e+03 -9.999000000000000000e+03 -9.999000000000000000e+03
-9.999000000000000000e+03 -9.999000000000000000e+03 -9.999000000000000000e+03 -9.999000000000000000e+03 -9.999000000000000000e+03 -9.999000000000000000e+03 -9.999000000000000000e+03 -9.999000000000000000e+03 3.755300000000000527e+00 4.653000000000000469e+00 4.418000000000000149e+00 3.214800000000000324e+00 4.342800000000000438e+00 9.024000000000000909e-01 1.786000000000000087e-01 1.334800000000000209e+00 2.726000000000000090e-01 1.851800000000000113e+00 7.379000000000000004e-01 -9.999000000000000000e+03 -9.999000000000000000e+03 -9.999000000000000000e+03 -9.999000000000000000e+03 -9.999000000000000000e+03 -9.999000000000000000e+03 -9.999000000000000000e+03 -9.999000000000000000e+03 -9.999000000000000000e+03 -9.999000000000000000e+03 -9.999000000000000000e+03 -9.999000000000000000e+03 -9.999000000000000000e+03 -9.999000000000000000e+03 -9.999000000000000000e+03 -9.999000000000000000e+03 -9.999000000000000000e+03 -9.999000000000000000e+03
-9.999000000000000000e+03 -9.999000000000000000e+03 -9.999000000000000000e+03 -9.999000000000000000e+03 -9.999000000000000000e+03 -9.999000000000000000e+03 -9.999000000000000000e+03 -9.999000000000000000e+03 -9.999000000000000000e+03 3.976199999999999957e+00 5.005499999999999616e+00 4.601300000000000168e+00 3.882200000000000539e+00 4.418000000000000149e+00 1.724900000000000100e+00 0.000000000000000000e+00 1.010499999999999954e+00 1.513400000000000079e+00 1.010499999999999954e+00 4.229999999999999871e-01 1.095100000000000184e+00 -9.999000000000000000e+03 -9.999000000000000000e+03 -9.999000000000000000e+03 -9.999000000000000000e+03 -9.999000000000000000e+03 -9.999000000000000000e+03 -9.999000000000000000e+03 -9.999000000000000000e+03 -9.999000000000000000e+03 -9.999000000000000000e+03 -9.999000000000000000e+03 -9.999000000000000000e+03 -9.999000000000000000e+03 -9.999000000000000000e+03 -9.999000000000000000e+03 2.138500000000000068e+00
-9.999000000000000000e+03 -9.999000000000000000e+03 -9.999000000000000000e+03 -9.999000000000000000e+03 -9.999000000000000000e+03 -9.999000000000000000e+03 -9.999000000000000000e+03 -9.999000000000000000e+03 -9.999000000000000000e+03 -9.999000000000000000e+03 4.225299999999999834e+00 4.502600000000000158e+00 4.953800000000000203e+00 3.463900000000000201e+00 4.032600000000000406e+00 1.428800000000000070e+00 1.856500000000000261e+00 1.029300000000000104e+00 6.157000000000000250e-01 2.256000000000000227e-01 1.010499999999999954e+00 1.095100000000000184e+00 5.170000000000000151e-01 -9.999000000000000000e+03 -9.999000000000000000e+03 -9.999000000000000000e+03 -9.999000000000000000e+03 -9.999000000000000000e+03 -9.999000000000000000e+03 -9.999000000000000000e+03 -9.999000000000000000e+03 -9.999000000000000000e+03 -9.999000000000000000e+03 -9.999000000000000000e+03 -9.999000000000000000e+03 1.358300000000000063e+00 1.203200000000000047e+00
-9.999000000000000000e+03 -9.999000000000000000e+03 -9.999000000000000000e+03 -9.999000000000000000e+03 -9.999000000000000000e+03 -9.999000000000000000e+03 -9.999000000000000000e+03 -9.999000000000000000e+03 -9.999000000000000000e+03 -9.999000000000000000e+03 4.018500000000000405e+00 3.689500000000000224e+00 4.295800000000000729e+00 3.590800000000000214e+00 3.675400000000000222e+00 1.099800000000000111e+00 1.851800000000000113e+00 1.118600000000000039e+00 4.888000000000000678e-01 1.142100000000000115e+00 1.113900000000000112e+00 1.400600000000000067e+00 1.184400000000000119e+00 6.392000000000001014e-01 1.127999999999999892e+00 -9.999000000000000000e+03 -9.999000000000000000e+03 -9.999000000000000000e+03 -9.999000000000000000e+03 -9.999000000000000000e+03 -9.999000000000000000e+03 -9.999000000000000000e+03 -9.999000000000000000e+03 1.128000000000000114e-01 1.175000000000000072e-01 1.222000000000000169e-01 1.269000000000000128e-01
-9.999000000000000000e+03 -9.999000000000000000e+03 -9.999000000000000000e+03 -9.999000000000000000e+03 -9.999000000000000000e+03 -9.999000000000000000e+03 -9.999000000000000000e+03 -9.999000000000000000e+03 -9.999000000000000000e+03 -9.999000000000000000e+03 4.027899999999999814e+00 3.675400000000000222e+00 3.501500000000000057e+00 3.496799999999999908e+00 2.641400000000000414e+00 2.867000000000000104e-01 3.116100000000000314e+00 8.131000000000001560e-01 6.862000000000000322e-01 5.827999999999999847e-01 1.005800000000000027e+00 8.225000000000001199e-01 7.473000000000000753e-01 9.447000000000000952e-01 1.160900000000000043e+00 1.358300000000000063e+00 -9.999000000000000000e+03 -9.999000000000000000e+03 -9.999000000000000000e+03 -9.999000000000000000e+03 -9.999000000000000000e+03 -9.999000000000000000e+03 4.370999999999999885e-01 2.256000000000000227e-01 3.572000000000000175e-01 3.854000000000000203e-01 1.099800000000000111e+00
-9.999000000000000000e+03 -9.999000000000000000e+03 -9.999000000000000000e+03 -9.999000000000000000e+03 -9.999000000000000000e+03 -9.999000000000000000e+03 -9.999000000000000000e+03 -9.999000000000000000e+03 -9.999000000000000000e+03 -9.999000000000000000e+03 4.535499999999999865e+00 3.426299999999999901e+00 3.604900000000000215e+00 1.875300000000000189e+00 3.868100000000000538e+00 1.203200000000000047e+00 2.298300000000000232e+00 2.053900000000000059e+00 4.888000000000000678e-01 5.734000000000000208e-01 1.034000000000000030e+00 1.259600000000000053e+00 1.203200000000000047e+00 9.118000000000000549e-01 7.567000000000000393e-01 8.883000000000000895e-01 1.198500000000000121e+00 -9.999000000000000000e+03 -9.999000000000000000e+03 -9.999000000000000000e+03 1.457000000000000073e+00 9.635000000000001341e-01 1.222000000000000169e-01 2.585000000000000075e-01 6.768000000000000682e-01 1.880000000000000004e-01 3.243000000000000327e-01
-9.999000000000000000e+03 -9.999000000000000000e+03 -9.999000000000000000e+03 -9.999000000000000000e+03 -9.999000000000000000e+03 -9.999000000000000000e+03 -9.999000000000000000e+03 -9.999000000000000000e+03 -9.999000000000000000e+03 -9.999000000000000000e+03 5.503700000000000259e+00 4.182999999999999829e+00 4.136000000000000121e+00 7.096999999999999975e-01 8.930000000000000437e-02 1.353600000000000136e+00 1.757800000000000029e+00 2.909299999999999997e+00 3.477999999999999980e-01 5.546000000000000929e-01 2.246600000000000374e+00 2.270100000000000229e+00 2.246600000000000374e+00 1.320700000000000207e+00 1.386500000000000066e+00 1.659100000000000019e+00 3.388700000000000045e+00 1.264300000000000201e+00 1.099800000000000111e+00 5.499000000000000554e-01 6.063000000000000611e-01 4.324000000000000066e-01 5.029000000000000137e-01 5.076000000000000512e-01 3.807000000000000384e-01 4.888000000000000678e-01 9.259000000000000563e-01
-9.999000000000000000e+03 -9.999000000000000000e+03 -9.999000000000000000e+03 -9.999000000000000000e+03 -9.999000000000000000e+03 -9.999000000000000000e+03 -9.999000000000000000e+03 -9.999000000000000000e+03 -9.999000000000000000e+03 -9.999000000000000000e+03 5.522500000000000853e+00 3.821100000000000385e+00 3.675400000000000222e+00 3.698900000000000077e+00 8.930000000000000160e-01 1.649700000000000166e+00 2.246600000000000374e+00 2.819999999999999840e+00 2.608500000000000263e+00 2.068000000000000060e+00 2.025700000000000056e+00 2.312400000000000233e+00 2.232500000000000373e+00 1.142100000000000115e+00 1.551000000000000156e+00 1.997500000000000053e+00 1.950500000000000345e+00 1.306600000000000206e+00 1.334800000000000209e+00 2.256000000000000227e-01 7.520000000000000018e-01 1.033999999999999919e-01 4.512000000000000455e-01 1.001100000000000101e+00 6.251000000000001000e-01 4.089000000000000412e-01 4.700000000000000011e-02
-9.999000000000000000e+03 -9.999000000000000000e+03 -9.999000000000000000e+03 -9.999000000000000000e+03 -9.999000000000000000e+03 -9.999000000000000000e+03 -9.999000000000000000e+03 -9.999000000000000000e+03 -9.999000000000000000e+03 3.205400000000000471e+00 3.233600000000000474e+00 3.703600000000000225e+00 2.702500000000000568e+00 1.315999999999999948e-01 1.574500000000000233e+00 1.269000000000000128e+00 1.433499999999999996e+00 2.326500000000000234e+00 2.735399999999999832e+00 3.901000000000000689e+00 3.637800000000000367e+00 2.758900000000000130e+00 2.284200000000000230e+00 1.908200000000000118e+00 1.424099999999999921e+00 1.739000000000000101e+00 8.131000000000001560e-01 5.922000000000000597e-01 2.585000000000000075e-01 1.504000000000000059e-01 1.362999999999999989e+00 1.551000000000000156e-01 7.567000000000000393e-01 8.366000000000000103e-01 7.802000000000001156e-01 0.000000000000000000e+00 5.640000000000000568e-02
-9.999000000000000000e+03 -9.999000000000000000e+03 -9.999000000000000000e+03 -9.999000000000000000e+03 -9.999000000000000000e+03 -9.999000000000000000e+03 -9.999000000000000000e+03 4.455600000000000449e+00 3.816400000000000237e+00 3.360500000000000043e+00 3.675400000000000222e+00 4.018500000000000405e+00 1.292500000000000204e+00 5.546000000000000929e-01 2.176100000000000367e+00 1.330100000000000282e+00 1.442900000000000071e+00 3.045600000000000307e+00 3.915099999999999802e+00 5.104200000000000514e+00 5.029000000000000803e+00 2.787100000000000133e+00 2.307700000000000085e+00 2.255999999999999783e+00 2.162000000000000366e+00 4.841000000000000303e-01 5.734000000000000208e-01 5.358000000000000540e-01 4.089000000000000412e-01 5.311000000000000165e-01 1.095100000000000184e+00 9.447000000000000952e-01 7.708000000000000407e-01 1.062200000000000033e+00 0.000000000000000000e+00 3.666000000000000369e-01 0.000000000000000000e+00
-9.999000000000000000e+03 -9.999000000000000000e+03 -9.999000000000000000e+03 -9.999000000000000000e+03 -9.999000000000000000e+03 -9.999000000000000000e+03 4.399200000000000443e+00 4.497900000000000453e+00 4.037300000000000111e+00 2.885800000000000143e+00 3.604900000000000215e+00 4.385100000000000442e+00 3.313499999999999890e+00 2.138500000000000068e+00 1.696700000000000097e+00 1.649700000000000166e+00 1.555700000000000083e+00 3.271200000000000330e+00 2.787100000000000133e+00 4.972600000000000797e+00 5.118299999999999628e+00 3.807000000000000384e+00 3.849300000000000388e+00 2.204300000000000370e+00 2.260699999999999932e+00 1.880000000000000004e-01 4.888000000000000678e-01 4.089000000000000412e-01 6.862000000000000322e-01 3.760000000000000009e-01 1.325400000000000134e+00 3.102000000000000313e-01 2.961000000000000298e-01 1.127999999999999892e+00 5.405000000000000915e-01 1.724900000000000100e+00 2.913999999999999924e-01
-9.999000000000000000e+03 -9.999000000000000000e+03 -9.999000000000000000e+03 -9.999000000000000000e+03 -9.999000000000000000e+03 4.009100000000000108e+00 2.993900000000000006e+00 3.036200000000000010e+00 2.993900000000000006e+00 3.755300000000000527e+00 3.106700000000000461e+00 3.247700000000000475e+00 3.995000000000000107e+00 4.239399999999999835e+00 1.828300000000000036e+00 2.655500000000000416e+00 3.431000000000000050e+00 3.205400000000000471e+00 3.116100000000000314e+00 2.763599999999999834e+00 3.097300000000000164e+00 3.040900000000000158e+00 2.843500000000000139e+00 1.297200000000000131e+00 1.127999999999999892e+00 1.743700000000000028e+00 5.686999999999999833e-01 2.773000000000000465e-01 5.546000000000000929e-01 5.029000000000000137e-01 5.922000000000000597e-01 5.875000000000000222e-01 5.686999999999999833e-01 6.110000000000000847e-02 3.854000000000000203e-01 1.315999999999999948e-01 1.000000000000000021e-02
-9.999000000000000000e+03 -9.999000000000000000e+03 -9.999000000000000000e+03 -9.999000000000000000e+03 3.055000000000000493e-01 6.908999999999999586e-01 3.031500000000000306e+00 2.946900000000000297e+00 3.059700000000000308e+00 2.702500000000000568e+00 3.304100000000000481e+00 3.379300000000000193e+00 4.573100000000000165e+00 4.469700000000000450e+00 4.136000000000000121e+00 2.096200000000000063e+00 1.630900000000000238e+00 2.608500000000000263e+00 3.426299999999999901e+00 2.105599999999999916e+00 8.695000000000000506e-01 8.695000000000000506e-01 3.948000000000000398e-01 1.663799999999999946e+00 8.977000000000000535e-01 8.554000000000000492e-01 1.273700000000000054e+00 9.541000000000000592e-01 9.541000000000000592e-01 4.135999999999999677e-01 5.217000000000000526e-01 5.263999999999999790e-01 4.465000000000000080e-01 2.961000000000000298e-01 1.269000000000000128e-01 0.000000000000000000e+00 1.000000000000000021e-02
