data/C3/LAI_pine.dat
ncols         89
nrows         61
xllcorner     604704
yllcorner     7083008
cellsize      16
NODATA_value  -9999
[rows 0 to 16 of 61, columns 0 to 36 of 89]
-9.999000000000000000e+03 -9.999000000000000000e+03 -9.999000000000000000e+03 -9.999000000000000000e+03 -9.999000000000000000e+03 -9.999000000000000000e+03 -9.999000000000000000e+03 -9.999000000000000000e+03 -9.999000000000000000e+03 2.788000000000000256e+00 2.352800000000000225e+00 1.978799999999999892e+00 9.520000000000000684e-01 1.244399999999999951e+00 8.976000000000000645e-01 9.588000000000000966e-01 -9.999000000000000000e+03 -9.999000000000000000e+03 -9.999000000000000000e+03 -9.999000000000000000e+03 -9.999000000000000000e+03 -9.999000000000000000e+03 -9.999000000000000000e+03 -9.999000000000000000e+03 -9.999000000000000000e+03 -9.999000000000000000e+03 -9.999000000000000000e+03 -9.999000000000000000e+03 -9.999000000000000000e+03 -9.999000000000000000e+03 -9.999000000000000000e+03 -9.999000000000000000e+03 -9.999000000000000000e+03 -9.999000000000000000e+03 -9.999000000000000000e+03 -9.999000000000000000e+03 -9.999000000000000000e+03
-9.999000000000000000e+03 -9.999000000000000000e+03 -9.999000000000000000e+03 -9.999000000000000000e+03 -9.999000000000000000e+03 -9.999000000000000000e+03 -9.999000000000000000e+03 -9.999000000000000000e+03 2.135199999999999765e+00 2.121599999999999930e+00 1.631999999999999895e+00 1.564000000000000057e+00 2.162399999999999878e+00 1.292000000000000037e+00 1.373600000000000154e+00 5.303999999999999826e-01 3.338799999999999990e+00 -9.999000000000000000e+03 -9.999000000000000000e+03 -9.999000000000000000e+03 -9.999000000000000000e+03 -9.999000000000000000e+03 -9.999000000000000000e+03 -9.999000000000000000e+03 -9.999000000000000000e+03 -9.999000000000000000e+03 -9.999000000000000000e+03 -9.999000000000000000e+03 -9.999000000000000000e+03 -9.999000000000000000e+03 -9.999000000000000000e+03 -9.999000000000000000e+03 -9.999000000000000000e+03 -9.999000000000000000e+03 -9.999000000000000000e+03 -9.999000000000000000e+03 -9.999000000000000000e+03
-9.999000000000000000e+03 -9.999000000000000000e+03 -9.999000000000000000e+03 -9.999000000000000000e+03 -9.999000000000000000e+03 -9.999000000000000000e+03 -9.999000000000000000e+03 -9.999000000000000000e+03 1.319199999999999928e+00 1.693200000000000038e+00 1.591199999999999948e+00 6.800000000000000488e-01 2.209999999999999964e+00 1.033599999999999852e+00 1.305600000000000094e+00 1.795200000000000129e+00 2.386800000000000033e+00 -9.999000000000000000e+03 -9.999000000000000000e+03 -9.999000000000000000e+03 -9.999000000000000000e+03 -9.999000000000000000e+03 -9.999000000000000000e+03 -9.999000000000000000e+03 -9.999000000000000000e+03 -9.999000000000000000e+03 -9.999000000000000000e+03 -9.999000000000000000e+03 -9.999000000000000000e+03 -9.999000000000000000e+03 -9.999000000000000000e+03 -9.999000000000000000e+03 -9.999000000000000000e+03 -9.999000000000000000e+03 -9.999000000000000000e+03 -9.999000000000000000e+03 -9.999000000000000000e+03
-9.999000000000000000e+03 -9.999000000000000000e+03 -9.999000000000000000e+03 -9.999000000000000000e+03 -9.999000000000000000e+03 -9.999000000000000000e+03 -9.999000000000000000e+03 -9.999000000000000000e+03 1.645599999999999952e+00 1.679599999999999982e+00 1.706799999999999873e+00 2.046799999999999731e+00 2.298399999999999999e+00 2.305200000000000138e+00 1.006399999999999961e+00 2.101199999999999957e+00 1.951600000000000223e+00 1.054000000000000048e+00 -9.999000000000000000e+03 -9.999000000000000000e+03 -9.999000000000000000e+03 -9.999000000000000000e+03 -9.999000000000000000e+03 -9.999000000000000000e+03 -9.999000000000000000e+03 -9.999000000000000000e+03 -9.999000000000000000e+03 -9.999000000000000000e+03 -9.999000000000000000e+03 -9.999000000000000000e+03 -9.999000000000000000e+03 -9.999000000000000000e+03 -9.999000000000000000e+03 -9.999000000000000000e+03 -9.999000000000000000e+03 -9.999000000000000000e+03 -9.999000000000000000e+03
-9.999000000000000000e+03 -9.999000000000000000e+03 -9.999000000000000000e+03 -9.999000000000000000e+03 -9.999000000000000000e+03 -9.999000000000000000e+03 -9.999000000000000000e+03 -9.999000000000000000e+03 1.373600000000000154e+00 1.223999999999999977e+00 1.394000000000000128e+00 1.706799999999999873e+00 1.074400000000000022e+00 2.060400000000000009e+00 2.230399999999999938e+00 1.618400000000000061e+00 1.441599999999999993e+00 8.703999999999999515e-01 2.101199999999999957e+00 -9.999000000000000000e+03 -9.999000000000000000e+03 -9.999000000000000000e+03 -9.999000000000000000e+03 -9.999000000000000000e+03 -9.999000000000000000e+03 -9.999000000000000000e+03 -9.999000000000000000e+03 -9.999000000000000000e+03 -9.999000000000000000e+03 -9.999000000000000000e+03 -9.999000000000000000e+03 -9.999000000000000000e+03 -9.999000000000000000e+03 -9.999000000000000000e+03 -9.999000000000000000e+03 -9.999000000000000000e+03 -9.999000000000000000e+03
-9.999000000000000000e+03 -9.999000000000000000e+03 -9.999000000000000000e+03 -9.999000000000000000e+03 -9.999000000000000000e+03 -9.999000000000000000e+03 -9.999000000000000000e+03 -9.999000000000000000e+03 -9.999000000000000000e+03 1.557199999999999918e+00 1.020000000000000018e+00 1.305600000000000094e+00 1.564000000000000057e+00 6.595999999999999641e-01 1.625199999999999978e+00 2.720000000000000195e+00 9.588000000000000966e-01 8.227999999999999758e-01 1.312400000000000011e+00 1.672799999999999843e+00 1.951600000000000223e+00 -9.999000000000000000e+03 -9.999000000000000000e+03 -9.999000000000000000e+03 -9.999000000000000000e+03 -9.999000000000000000e+03 -9.999000000000000000e+03 -9.999000000000000000e+03 -9.999000000000000000e+03 -9.999000000000000000e+03 -9.999000000000000000e+03 -9.999000000000000000e+03 -9.999000000000000000e+03 -9.999000000000000000e+03 -9.999000000000000000e+03 -9.999000000000000000e+03 1.217199999999999838e+00
-9.999000000000000000e+03 -9.999000000000000000e+03 -9.999000000000000000e+03 -9.999000000000000000e+03 -9.999000000000000000e+03 -9.999000000000000000e+03 -9.999000000000000000e+03 -9.999000000000000000e+03 -9.999000000000000000e+03 -9.999000000000000000e+03 7.343999999999999417e-01 5.780000000000000693e-01 8.703999999999999515e-01 1.985599999999999810e+00 7.139999999999999680e-01 2.257600000000000051e+00 5.167999999999999261e-01 2.815200000000000369e+00 2.264400000000000190e+00 1.631999999999999895e+00 1.475600000000000023e+00 1.292000000000000037e+00 2.380000000000000338e+00 -9.999000000000000000e+03 -9.999000000000000000e+03 -9.999000000000000000e+03 -9.999000000000000000e+03 -9.999000000000000000e+03 -9.999000000000000000e+03 -9.999000000000000000e+03 -9.999000000000000000e+03 -9.999000000000000000e+03 -9.999000000000000000e+03 -9.999000000000000000e+03 -9.999000000000000000e+03 2.053599999999999870e+00 2.318799999999999972e+00
-9.999000000000000000e+03 -9.999000000000000000e+03 -9.999000000000000000e+03 -9.999000000000000000e+03 -9.999000000000000000e+03 -9.999000000000000000e+03 -9.999000000000000000e+03 -9.999000000000000000e+03 -9.999000000000000000e+03 -9.999000000000000000e+03 8.024000000000000021e-01 1.217199999999999838e+00 6.528000000000000469e-01 9.112000000000000099e-01 7.955999999999999739e-01 1.285199999999999898e+00 5.507999999999999563e-01 1.156000000000000139e+00 2.855999999999999872e+00 1.917600000000000193e+00 1.033599999999999852e+00 8.703999999999999515e-01 1.244399999999999951e+00 1.387199999999999989e+00 1.523199999999999887e+00 -9.999000000000000000e+03 -9.999000000000000000e+03 -9.999000000000000000e+03 -9.999000000000000000e+03 -9.999000000000000000e+03 -9.999000000000000000e+03 -9.999000000000000000e+03 -9.999000000000000000e+03 2.073999999999999844e+00 2.053599999999999870e+00 2.067199999999999704e+00 2.080799999999999983e+00
-9.999000000000000000e+03 -9.999000000000000000e+03 -9.999000000000000000e+03 -9.999000000000000000e+03 -9.999000000000000000e+03 -9.999000000000000000e+03 -9.999000000000000000e+03 -9.999000000000000000e+03 -9.999000000000000000e+03 -9.999000000000000000e+03 7.955999999999999739e-01 1.217199999999999838e+00 9.656000000000001249e-01 8.159999999999999476e-01 1.434799999999999853e+00 1.502799999999999914e+00 1.428000000000000103e-01 1.706799999999999873e+00 2.461599999999999788e+00 2.760800000000000143e+00 1.584400000000000031e+00 9.316000000000000947e-01 9.588000000000000966e-01 1.332799999999999985e+00 1.149199999999999999e+00 9.724000000000000421e-01 -9.999000000000000000e+03 -9.999000000000000000e+03 -9.999000000000000000e+03 -9.999000000000000000e+03 -9.999000000000000000e+03 -9.999000000000000000e+03 1.414400000000000102e+00 1.033599999999999852e+00 1.230799999999999894e+00 1.312400000000000011e+00 1.183200000000000029e+00
-9.999000000000000000e+03 -9.999000000000000000e+03 -9.999000000000000000e+03 -9.999000000000000000e+03 -9.999000000000000000e+03 -9.999000000000000000e+03 -9.999000000000000000e+03 -9.999000000000000000e+03 -9.999000000000000000e+03 -9.999000000000000000e+03 6.732000000000000206e-01 8.771999999999999797e-01 7.683999999999999719e-01 2.516000000000000014e+00 1.557199999999999918e+00 2.060400000000000009e+00 3.195999999999999952e-01 1.665999999999999925e+00 2.808400000000000230e+00 2.685999999999999943e+00 1.965199999999999836e+00 1.441599999999999993e+00 1.495999999999999996e+00 1.292000000000000037e+00 1.006399999999999961e+00 1.183200000000000029e+00 1.196799999999999864e+00 -9.999000000000000000e+03 -9.999000000000000000e+03 -9.999000000000000000e+03 9.520000000000000684e-01 2.080799999999999983e+00 2.720000000000000195e+00 1.516399999999999970e+00 5.983999999999999320e-01 1.319199999999999928e+00 9.384000000000000119e-01
-9.999000000000000000e+03 -9.999000000000000000e+03 -9.999000000000000000e+03 -9.999000000000000000e+03 -9.999000000000000000e+03 -9.999000000000000000e+03 -9.999000000000000000e+03 -9.999000000000000000e+03 -9.999000000000000000e+03 -9.999000000000000000e+03 4.215999999999999748e-01 5.847999999999999865e-01 8.703999999999999515e-01 2.141999999999999904e+00 2.706399999999999917e+00 5.031999999999999806e-01 7.615999999999999437e-01 5.916000000000000147e-01 3.019200000000000106e+00 2.679200000000000248e+00 9.043999999999999817e-01 6.595999999999999641e-01 6.528000000000000469e-01 9.927999999999999048e-01 1.094799999999999995e+00 1.033599999999999852e+00 3.739999999999999991e-01 8.908000000000000362e-01 9.724000000000000421e-01 2.101199999999999957e+00 1.944800000000000084e+00 1.924400000000000110e+00 1.781600000000000072e+00 1.414400000000000102e+00 1.394000000000000128e+00 1.400800000000000045e+00 1.040399999999999991e+00
-9.999000000000000000e+03 -9.999000000000000000e+03 -9.999000000000000000e+03 -9.999000000000000000e+03 -9.999000000000000000e+03 -9.999000000000000000e+03 -9.999000000000000000e+03 -9.999000000000000000e+03 -9.999000000000000000e+03 -9.999000000000000000e+03 4.215999999999999748e-01 1.176400000000000112e+00 7.820000000000000284e-01 1.591199999999999948e+00 1.013199999999999878e+00 1.128800000000000026e+00 1.285199999999999898e+00 3.739999999999999991e-01 6.188000000000000167e-01 9.452000000000000401e-01 9.112000000000000099e-01 7.479999999999999982e-01 8.092000000000000304e-01 1.040399999999999991e+00 9.316000000000000947e-01 7.411999999999999700e-01 1.366800000000000015e+00 1.740799999999999903e+00 1.088000000000000078e+00 2.427599999999999980e+00 2.393599999999999728e+00 2.223600000000000243e+00 2.386800000000000033e+00 1.965199999999999836e+00 8.636000000000000343e-01 1.536799999999999944e+00 1.217199999999999838e+00
-9.999000000000000000e+03 -9.999000000000000000e+03 -9.999000000000000000e+03 -9.999000000000000000e+03 -9.999000000000000000e+03 -9.999000000000000000e+03 -9.999000000000000000e+03 -9.999000000000000000e+03 -9.999000000000000000e+03 8.636000000000000343e-01 8.568000000000000060e-01 7.139999999999999680e-01 1.183200000000000029e+00 2.080799999999999983e+00 9.792000000000000703e-01 3.400000000000000244e-01 2.148800000000000043e+00 7.683999999999999719e-01 5.916000000000000147e-01 3.059999999999999942e-01 3.739999999999999991e-01 6.051999999999999602e-01 5.847999999999999865e-01 1.156000000000000139e+00 9.995999999999999330e-01 8.636000000000000343e-01 2.094399999999999817e+00 2.012799999999999923e+00 2.182799999999999851e+00 2.665599999999999969e+00 1.421199999999999797e+00 1.965199999999999836e+00 2.318799999999999972e+00 2.284800000000000164e+00 1.285199999999999898e+00 1.448399999999999910e+00 3.400000000000000244e-01
-9.999000000000000000e+03 -9.999000000000000000e+03 -9.999000000000000000e+03 -9.999000000000000000e+03 -9.999000000000000000e+03 -9.999000000000000000e+03 -9.999000000000000000e+03 6.119999999999999885e-01 8.431999999999999496e-01 9.043999999999999817e-01 8.840000000000000080e-01 7.343999999999999417e-01 9.452000000000000401e-01 1.434799999999999853e+00 3.400000000000000244e-01 6.255999999999999339e-01 1.564000000000000057e+00 4.284000000000000030e-01 2.720000000000000195e-01 1.700000000000000122e-01 2.515999999999999903e-01 5.847999999999999865e-01 6.051999999999999602e-01 1.183200000000000029e+00 8.636000000000000343e-01 1.944800000000000084e+00 2.005999999999999783e+00 1.339600000000000124e+00 1.699999999999999956e+00 1.645599999999999952e+00 1.278399999999999981e+00 1.897200000000000220e+00 1.665999999999999925e+00 1.802000000000000046e+00 9.180000000000000382e-01 5.780000000000000693e-01 1.829200000000000159e+00
-9.999000000000000000e+03 -9.999000000000000000e+03 -9.999000000000000000e+03 -9.999000000000000000e+03 -9.999000000000000000e+03 -9.999000000000000000e+03 1.550400000000000000e+00 1.441599999999999993e+00 1.502799999999999914e+00 1.448399999999999910e+00 9.043999999999999817e-01 4.896000000000000352e-01 7.955999999999999739e-01 1.251199999999999868e+00 6.391999999999999904e-01 4.148000000000000020e-01 4.896000000000000352e-01 2.991999999999999660e-01 6.051999999999999602e-01 1.835999999999999854e-01 2.380000000000000171e-01 2.787999999999999923e-01 5.780000000000000693e-01 1.088000000000000078e+00 7.820000000000000284e-01 2.148800000000000043e+00 1.781600000000000072e+00 1.495999999999999996e+00 6.323999999999999622e-01 1.768000000000000016e+00 1.251199999999999868e+00 1.904000000000000137e+00 1.938000000000000167e+00 1.312400000000000011e+00 4.963999999999999524e-01 8.159999999999999476e-01 9.724000000000000421e-01
-9.999000000000000000e+03 -9.999000000000000000e+03 -9.999000000000000000e+03 -9.999000000000000000e+03 -9.999000000000000000e+03 1.006399999999999961e+00 1.618400000000000061e+00 1.584400000000000031e+00 1.679599999999999982e+00 1.427999999999999936e+00 1.026799999999999935e+00 8.159999999999999476e-01 9.588000000000000966e-01 3.739999999999999991e-01 1.142400000000000082e+00 2.856000000000000205e-01 2.312000000000000166e-01 3.400000000000000244e-01 4.760000000000000342e-01 6.460000000000000187e-01 4.488000000000000322e-01 4.351999999999999758e-01 3.944000000000000283e-01 7.820000000000000284e-01 1.326000000000000068e+00 1.564000000000000057e+00 1.802000000000000046e+00 1.455199999999999827e+00 1.237600000000000033e+00 1.387199999999999989e+00 1.183200000000000029e+00 1.196799999999999864e+00 1.332799999999999985e+00 1.591199999999999948e+00 6.868000000000000771e-01 2.352800000000000225e+00 1.000000000000000021e-02
-9.999000000000000000e+03 -9.999000000000000000e+03 -9.999000000000000000e+03 -9.999000000000000000e+03 2.427599999999999980e+00 2.046799999999999731e+00 1.094799999999999995e+00 1.665999999999999925e+00 1.598000000000000087e+00 2.094399999999999817e+00 1.761200000000000099e+00 9.112000000000000099e-01 9.656000000000001249e-01 7.683999999999999719e-01 5.712000000000000410e-01 1.156000000000000139e+00 9.656000000000001249e-01 3.195999999999999952e-01 3.739999999999999991e-01 1.815600000000000103e+00 1.883600000000000163e+00 1.917600000000000193e+00 3.189200000000000035e+00 6.935999999999999943e-01 9.112000000000000099e-01 1.461999999999999966e+00 1.686399999999999899e+00 1.135599999999999943e+00 1.115199999999999969e+00 1.883600000000000163e+00 1.387199999999999989e+00 1.094799999999999995e+00 6.800000000000000488e-01 1.754399999999999959e+00 1.842799999999999994e+00 1.802000000000000046e+00 1.000000000000000021e-02
