data/C3/LAI_spruce.dat
ncols         89
nrows         61
xllcorner     604704
yllcorner     7083008
cellsize      16
NODATA_value  -9999
[rows 17 to 33 of 61, columns 0 to 36 of 89]
-9.999000000000000000e+03 -9.999000000000000000e+03 1.377099999999999991e+00 2.585000000000000075e-01 1.193799999999999972e+00 1.692000000000000171e-01 4.370999999999999885e-01 3.130200000000000315e+00 3.675400000000000222e+00 3.816400000000000237e+00 3.839900000000000535e+00 3.515600000000000058e+00 5.320400000000001128e+00 5.804500000000000881e+00 6.213400000000000922e+00 4.577799999999999869e+00 3.995000000000000107e+00 1.856500000000000261e+00 3.520300000000000207e+00 3.045600000000000307e+00 3.351100000000000190e+00 1.207899999999999974e+00 1.607400000000000162e+00 1.367699999999999916e+00 6.392000000000001014e-01 1.245500000000000052e+00 0.000000000000000000e+00 5.922000000000000597e-01 1.687300000000000022e+00 1.160900000000000043e+00 2.303000000000000047e-01 5.686999999999999833e-01 4.700000000000000289e-01 3.854000000000000203e-01 3.666000000000000369e-01 3.524999999999999800e-01 2.679000000000000270e-01
-9.999000000000000000e+03 -9.999000000000000000e+03 0.000000000000000000e+00 9.353000000000001313e-01 8.366000000000000103e-01 1.823600000000000110e+00 1.123300000000000187e+00 4.794000000000000483e-01 3.717700000000000227e+00 3.731800000000000228e+00 3.529700000000000060e+00 4.338100000000000733e+00 5.320400000000001128e+00 6.279200000000000337e+00 6.218099999999999739e+00 6.946600000000000108e+00 6.918400000000000105e+00 4.516700000000000159e+00 3.943299999999999805e+00 1.804800000000000182e+00 2.068000000000000060e+00 3.275900000000000478e+00 2.171400000000000219e+00 1.236100000000000199e+00 1.320700000000000207e+00 8.789000000000000146e-01 1.894100000000000117e+00 1.019900000000000029e+00 6.580000000000001403e-01 6.768000000000000682e-01 5.029000000000000137e-01 6.627000000000000668e-01 5.122999999999999776e-01 4.229999999999999871e-01 3.807000000000000384e-01 4.465000000000000080e-01 0.000000000000000000e+00
-9.999000000000000000e+03 2.044500000000000206e+00 4.277000000000000246e-01 1.001100000000000101e+00 6.110000000000000847e-02 2.100900000000000212e+00 5.405000000000000915e-01 1.400600000000000067e+00 3.473300000000000054e+00 2.782399999999999984e+00 3.985600000000000254e+00 3.713000000000000522e+00 5.235800000000000232e+00 5.531900000000000261e+00 5.466099999999999959e+00 5.531900000000000261e+00 6.490700000000000358e+00 6.044200000000000017e+00 4.906800000000000495e+00 4.305200000000000138e+00 3.238300000000000178e+00 1.696700000000000097e+00 1.099800000000000111e+00 1.776600000000000179e+00 1.875300000000000189e+00 2.495700000000000252e+00 2.763599999999999834e+00 1.358300000000000063e+00 8.366000000000000103e-01 1.367699999999999916e+00 4.982000000000000317e-01 4.982000000000000317e-01 5.405000000000000915e-01 4.747000000000000663e-01 4.841000000000000303e-01 3.102000000000000313e-01 1.160900000000000043e+00
3.764700000000000379e+00 3.562600000000000211e+00 4.032600000000000406e+00 3.092600000000000460e+00 1.692000000000000171e-01 6.579999999999999738e-02 1.475800000000000001e+00 8.460000000000000853e-02 5.593000000000000194e-01 4.399200000000000443e+00 3.971499999999999808e+00 4.949099999999999611e+00 5.104200000000000514e+00 4.605999999999999872e+00 5.447300000000000253e+00 6.302699999999999747e+00 5.964300000000000601e+00 4.197099999999999831e+00 4.154799999999999827e+00 4.347500000000000142e+00 3.492100000000000204e+00 3.045600000000000307e+00 2.072700000000000209e+00 1.175000000000000044e+00 1.908200000000000118e+00 2.218400000000000372e+00 1.997500000000000053e+00 3.666000000000000369e-01 9.869999999999999885e-01 1.033999999999999919e-01 1.461699999999999999e+00 1.391199999999999992e+00 1.457000000000000073e+00 5.734000000000000208e-01 3.995000000000000218e-01 6.439000000000000279e-01 3.290000000000000702e-01
4.554300000000000459e+00 3.647200000000000220e+00 3.755300000000000527e+00 3.083200000000000163e+00 3.520300000000000207e+00 3.271200000000000330e+00 2.617900000000000116e+00 5.546000000000000929e-01 9.682000000000000606e-01 1.207899999999999974e+00 2.857600000000000140e+00 3.637800000000000367e+00 3.238300000000000178e+00 3.651900000000000368e+00 2.679000000000000270e+00 3.266500000000000625e+00 3.308799999999999741e+00 3.623700000000000365e+00 3.614300000000000068e+00 3.736500000000000377e+00 4.450900000000000745e+00 3.943299999999999805e+00 3.872800000000000242e+00 3.619000000000000217e+00 2.523900000000000254e+00 4.465000000000000080e-01 1.217300000000000049e+00 1.052799999999999958e+00 8.789000000000000146e-01 5.781000000000000583e-01 6.908999999999999586e-01 9.635000000000001341e-01 2.773000000000000465e-01 1.461699999999999999e+00 1.922300000000000120e+00 1.884700000000000264e+00 1.339500000000000135e+00
-9.999000000000000000e+03 5.738700000000000578e+00 3.835200000000000387e+00 3.736500000000000377e+00 4.079600000000000115e+00 4.535499999999999865e+00 4.483800000000000452e+00 3.886900000000000688e+00 1.504000000000000059e-01 6.674000000000001043e-01 1.889400000000000190e+00 3.614300000000000068e+00 2.575600000000000112e+00 2.100900000000000212e+00 2.881099999999999994e+00 3.562600000000000211e+00 4.018500000000000405e+00 3.623700000000000365e+00 4.027899999999999814e+00 4.126599999999999824e+00 4.027899999999999814e+00 4.164200000000000124e+00 3.858700000000000241e+00 3.736500000000000377e+00 4.023200000000000109e+00 2.740099999999999980e+00 5.452000000000000179e-01 1.165599999999999969e+00 1.104500000000000037e+00 1.269000000000000128e+00 9.400000000000000577e-01 1.536900000000000155e+00 1.165599999999999969e+00 2.523900000000000254e+00 5.170000000000000151e-01 5.405000000000000915e-01 1.334800000000000209e+00
-9.999000000000000000e+03 -9.999000000000000000e+03 5.602400000000000269e+00 4.958499999999999908e+00 5.287500000000000533e+00 4.554300000000000459e+00 4.446200000000000152e+00 5.799800000000000288e+00 2.467500000000000249e+00 4.037300000000000111e+00 1.358300000000000063e+00 2.758900000000000130e+00 7.990000000000000435e-01 4.841000000000000303e-01 3.586100000000000065e+00 2.890499999999999847e+00 3.698900000000000077e+00 3.938600000000000101e+00 4.295800000000000729e+00 4.286400000000000432e+00 4.615400000000000169e+00 6.058300000000000018e+00 6.420200000000000351e+00 5.517800000000000260e+00 5.522500000000000853e+00 4.197099999999999831e+00 2.345299999999999940e+00 1.339500000000000135e+00 2.824699999999999989e+00 2.068000000000000060e+00 2.542700000000000404e+00 2.707200000000000273e+00 1.818900000000000183e+00 1.795400000000000107e+00 1.264300000000000201e+00 2.152600000000000069e+00 3.102000000000000313e-01
-9.999000000000000000e+03 -9.999000000000000000e+03 -9.999000000000000000e+03 3.449800000000000200e+00 4.277000000000000135e+00 5.724599999999999689e+00 5.287500000000000533e+00 5.574200000000000266e+00 3.520300000000000207e+00 2.500400000000000400e+00 1.264300000000000201e+00 8.318999999999999728e-01 2.679000000000000270e-01 9.400000000000000577e-01 1.127999999999999892e+00 2.552100000000000257e+00 3.623700000000000365e+00 4.164200000000000124e+00 4.328700000000000436e+00 4.540200000000000458e+00 5.531900000000000261e+00 5.202900000000000524e+00 5.527199999999999669e+00 3.807000000000000384e+00 3.698900000000000077e+00 3.999700000000000255e+00 3.543800000000000061e+00 1.062200000000000033e+00 1.254900000000000126e+00 1.424099999999999921e+00 1.922300000000000120e+00 1.480500000000000149e+00 1.311300000000000132e+00 1.645000000000000240e+00 1.457000000000000073e+00 1.804800000000000182e+00 2.152600000000000069e+00
-9.999000000000000000e+03 -9.999000000000000000e+03 -9.999000000000000000e+03 -9.999000000000000000e+03 -9.999000000000000000e+03 3.647200000000000220e+00 5.719900000000000873e+00 5.531900000000000261e+00 5.625900000000000567e+00 3.172500000000000320e+00 3.919799999999999951e+00 1.240800000000000125e+00 1.165599999999999969e+00 5.358000000000000540e-01 3.477999999999999980e-01 2.110300000000000065e+00 4.182999999999999829e+00 4.455600000000000449e+00 4.850400000000000489e+00 5.447300000000000253e+00 5.724599999999999689e+00 5.851500000000000590e+00 5.494299999999999962e+00 4.977299999999999613e+00 3.181900000000000173e+00 4.192400000000000126e+00 3.797600000000000531e+00 3.224200000000000177e+00 2.373499999999999943e+00 4.225299999999999834e+00 4.277000000000000135e+00 4.239399999999999835e+00 4.272300000000000431e+00 3.487400000000000055e+00 4.070199999999999818e+00 3.896300000000000541e+00 2.547400000000000109e+00
-9.999000000000000000e+03 -9.999000000000000000e+03 -9.999000000000000000e+03 -9.999000000000000000e+03 -9.999000000000000000e+03 -9.999000000000000000e+03 3.731800000000000228e+00 4.046700000000000408e+00 5.212299999999999933e+00 5.724599999999999689e+00 3.186600000000000321e+00 2.725999999999999979e+00 1.433499999999999996e+00 8.366000000000000103e-01 1.541600000000000081e+00 2.049199999999999910e+00 4.173600000000000421e+00 5.724599999999999689e+00 4.516700000000000159e+00 5.188800000000000523e+00 5.672900000000000276e+00 5.564799999999999969e+00 5.569500000000000561e+00 3.379300000000000193e+00 3.661300000000000221e+00 4.173600000000000421e+00 4.535499999999999865e+00 4.808100000000000485e+00 4.027899999999999814e+00 3.374600000000000044e+00 5.898500000000001187e+00 5.301600000000000534e+00 5.785700000000000287e+00 6.218099999999999739e+00 4.577799999999999869e+00 3.069100000000000161e+00 1.776600000000000179e+00
-9.999000000000000000e+03 -9.999000000000000000e+03 -9.999000000000000000e+03 -9.999000000000000000e+03 -9.999000000000000000e+03 -9.999000000000000000e+03 -9.999000000000000000e+03 3.445100000000000051e+00 5.433200000000000252e+00 4.300500000000000433e+00 5.574200000000000266e+00 3.567300000000000360e+00 2.025700000000000056e+00 3.196000000000000174e+00 3.139600000000000168e+00 3.078500000000000458e+00 1.936400000000000121e+00 4.187700000000000422e+00 5.428500000000000547e+00 5.611799999999999677e+00 5.226400000000000823e+00 5.358000000000000540e+00 5.433200000000000252e+00 3.440399999999999903e+00 3.426299999999999901e+00 4.145400000000000418e+00 4.935000000000000497e+00 5.395600000000000840e+00 4.455600000000000449e+00 3.849300000000000388e+00 3.760000000000000231e+00 3.811700000000000532e+00 4.864499999999999602e+00 4.925600000000000200e+00 3.200700000000000323e+00 2.664900000000000269e+00 1.607400000000000162e+00
-9.999000000000000000e+03 -9.999000000000000000e+03 -9.999000000000000000e+03 -9.999000000000000000e+03 -9.999000000000000000e+03 -9.999000000000000000e+03 -9.999000000000000000e+03 3.905700000000000394e+00 3.510899999999999910e+00 5.381499999999999950e+00 5.433200000000000252e+00 5.414400000000000546e+00 4.220600000000000129e+00 3.299400000000000333e+00 3.252400000000000624e+00 2.942200000000000149e+00 2.180800000000000072e+00 3.158400000000000318e+00 3.581400000000000361e+00 4.845699999999999896e+00 5.221700000000000230e+00 5.188800000000000523e+00 5.489600000000000257e+00 2.989200000000000301e+00 3.501500000000000057e+00 3.694200000000000372e+00 4.432100000000000151e+00 5.315700000000000536e+00 4.723500000000000476e+00 3.731800000000000228e+00 3.416900000000000048e+00 5.287500000000000533e+00 4.662399999999999878e+00 4.930299999999999905e+00 4.436800000000000743e+00 3.609600000000000364e+00 2.082100000000000062e+00
-9.999000000000000000e+03 -9.999000000000000000e+03 -9.999000000000000000e+03 -9.999000000000000000e+03 -9.999000000000000000e+03 -9.999000000000000000e+03 -9.999000000000000000e+03 -9.999000000000000000e+03 3.731800000000000228e+00 3.492100000000000204e+00 2.754199999999999982e+00 3.567300000000000360e+00 2.397000000000000242e+00 3.642500000000000071e+00 4.648299999999999876e+00 4.596600000000000463e+00 4.324000000000000732e+00 4.418000000000000149e+00 3.656600000000000072e+00 3.567300000000000360e+00 3.496799999999999908e+00 3.285300000000000331e+00 5.010200000000000209e+00 2.476900000000000102e+00 8.460000000000000853e-02 3.487400000000000055e+00 3.379300000000000193e+00 5.428500000000000547e+00 5.428500000000000547e+00 5.451999999999999957e+00 5.564799999999999969e+00 4.906800000000000495e+00 5.066600000000000215e+00 4.385100000000000442e+00 5.560100000000000264e+00 4.911500000000000199e+00 4.277000000000000135e+00
-9.999000000000000000e+03 -9.999000000000000000e+03 -9.999000000000000000e+03 -9.999000000000000000e+03 -9.999000000000000000e+03 -9.999000000000000000e+03 -9.999000000000000000e+03 -9.999000000000000000e+03 -9.999000000000000000e+03 1.494600000000000151e+00 4.150100000000000122e+00 7.144000000000000350e-01 1.132700000000000040e+00 2.796499999999999986e+00 2.942200000000000149e+00 3.116100000000000314e+00 4.629500000000000171e+00 3.647200000000000220e+00 3.557900000000000063e+00 4.826900000000000190e+00 4.338100000000000733e+00 3.854000000000000536e+00 3.426299999999999901e+00 6.486000000000000654e-01 1.865900000000000114e+00 2.072700000000000209e+00 3.064400000000000013e+00 4.620099999999999874e+00 5.498999999999999666e+00 5.456700000000000550e+00 5.423799999999999955e+00 5.513100000000000556e+00 5.757500000000000284e+00 5.278100000000000236e+00 5.254600000000000826e+00 5.470799999999999663e+00 5.522500000000000853e+00
-9.999000000000000000e+03 -9.999000000000000000e+03 -9.999000000000000000e+03 -9.999000000000000000e+03 -9.999000000000000000e+03 -9.999000000000000000e+03 -9.999000000000000000e+03 -9.999000000000000000e+03 -9.999000000000000000e+03 -9.999000000000000000e+03 4.248800000000000132e+00 2.740099999999999980e+00 9.964000000000000634e-01 2.918700000000000294e+00 2.998600000000000154e+00 3.647200000000000220e+00 3.238300000000000178e+00 3.529700000000000060e+00 3.788200000000000234e+00 4.399200000000000443e+00 2.989200000000000301e+00 4.662399999999999878e+00 3.792900000000000382e+00 2.711899999999999977e+00 7.990000000000001268e-02 6.580000000000001403e-01 1.175000000000000072e-01 1.316000000000000281e+00 4.554300000000000459e+00 5.419100000000000250e+00 5.531900000000000261e+00 5.249900000000000233e+00 5.475500000000000256e+00 5.470799999999999663e+00 5.217000000000000526e+00 5.212299999999999933e+00 5.475500000000000256e+00
-9.999000000000000000e+03 -9.999000000000000000e+03 -9.999000000000000000e+03 -9.999000000000000000e+03 -9.999000000000000000e+03 -9.999000000000000000e+03 -9.999000000000000000e+03 -9.999000000000000000e+03 -9.999000000000000000e+03 -9.999000000000000000e+03 -9.999000000000000000e+03 -9.999000000000000000e+03 1.706099999999999950e+00 3.426299999999999901e+00 3.360500000000000043e+00 3.304100000000000481e+00 3.811700000000000532e+00 4.300500000000000433e+00 2.763599999999999834e+00 4.540200000000000458e+00 3.684800000000000075e+00 3.130200000000000315e+00 3.698900000000000077e+00 4.742300000000001070e+00 2.373499999999999943e+00 0.000000000000000000e+00 6.674000000000001043e-01 1.428800000000000070e+00 1.504000000000000059e-01 3.562600000000000211e+00 3.275900000000000478e+00 5.639999999999999680e+00 5.442599999999999660e+00 5.245200000000000529e+00 5.273400000000000531e+00 5.212299999999999933e+00 5.362700000000000244e+00
-9.999000000000000000e+03 -9.999000000000000000e+03 -9.999000000000000000e+03 -9.999000000000000000e+03 -9.999000000000000000e+03 -9.999000000000000000e+03 -9.999000000000000000e+03 -9.999000000000000000e+03 -9.999000000000000000e+03 -9.999000000000000000e+03 -9.999000000000000000e+03 -9.999000000000000000e+03 -9.999000000000000000e+03 4.855100000000000193e+00 4.455600000000000449e+00 3.957399999999999807e+00 2.866999999999999993e+00 2.843500000000000139e+00 3.468599999999999905e+00 2.754199999999999982e+00 2.810599999999999987e+00 2.500400000000000400e+00 2.627300000000000413e+00 2.791799999999999837e+00 3.365200000000000191e+00 4.074900000000000411e+00 1.409999999999999865e-01 8.741999999999999771e-01 1.222000000000000169e-01 2.114999999999999936e-01 4.709400000000000475e+00 4.366300000000000736e+00 4.906800000000000495e+00 4.742300000000001070e+00 4.643600000000000172e+00 4.399200000000000443e+00 5.555399999999999672e+00
