data/C3/slope.dat
ncols         89
nrows         61
xllcorner     604704
yllcorner     7083008
cellsize      16
NODATA_value  -9999
[rows 0 to 16 of 61, columns 0 to 36 of 89]
-9.999000000000000000e+03 -9.999000000000000000e+03 -9.999000000000000000e+03 -9.999000000000000000e+03 -9.999000000000000000e+03 -9.999000000000000000e+03 -9.999000000000000000e+03 -9.999000000000000000e+03 -9.999000000000000000e+03 2.267368999999999968e+00 2.317476000000000091e+00 2.310246199999999916e+00 2.646613799999999905e+00 1.697130800000000050e+00 9.902950999999999837e-01 9.686601000000000239e-01 -9.999000000000000000e+03 -9.999000000000000000e+03 -9.999000000000000000e+03 -9.999000000000000000e+03 -9.999000000000000000e+03 -9.999000000000000000e+03 -9.999000000000000000e+03 -9.999000000000000000e+03 -9.999000000000000000e+03 -9.999000000000000000e+03 -9.999000000000000000e+03 -9.999000000000000000e+03 -9.999000000000000000e+03 -9.999000000000000000e+03 -9.999000000000000000e+03 -9.999000000000000000e+03 -9.999000000000000000e+03 -9.999000000000000000e+03 -9.999000000000000000e+03 -9.999000000000000000e+03 -9.999000000000000000e+03
-9.999000000000000000e+03 -9.999000000000000000e+03 -9.999000000000000000e+03 -9.999000000000000000e+03 -9.999000000000000000e+03 -9.999000000000000000e+03 -9.999000000000000000e+03 -9.999000000000000000e+03 8.428368600000000210e-01 3.037653699999999901e+00 3.949556400000000078e+00 2.664287999999999990e+00 2.093754500000000185e+00 1.843030600000000074e+00 1.047097100000000003e+00 6.241263999999999701e-01 3.372667999999999777e-01 -9.999000000000000000e+03 -9.999000000000000000e+03 -9.999000000000000000e+03 -9.999000000000000000e+03 -9.999000000000000000e+03 -9.999000000000000000e+03 -9.999000000000000000e+03 -9.999000000000000000e+03 -9.999000000000000000e+03 -9.999000000000000000e+03 -9.999000000000000000e+03 -9.999000000000000000e+03 -9.999000000000000000e+03 -9.999000000000000000e+03 -9.999000000000000000e+03 -9.999000000000000000e+03 -9.999000000000000000e+03 -9.999000000000000000e+03 -9.999000000000000000e+03 -9.999000000000000000e+03
-9.999000000000000000e+03 -9.999000000000000000e+03 -9.999000000000000000e+03 -9.999000000000000000e+03 -9.999000000000000000e+03 -9.999000000000000000e+03 -9.999000000000000000e+03 -9.999000000000000000e+03 3.584277399999999947e+00 4.171201700000000123e+00 4.022600999999999871e+00 5.191162000000000276e+00 4.206637999999999877e+00 3.145685700000000029e+00 2.952554500000000193e+00 3.108675700000000042e+00 2.956481699999999879e+00 -9.999000000000000000e+03 -9.999000000000000000e+03 -9.999000000000000000e+03 -9.999000000000000000e+03 -9.999000000000000000e+03 -9.999000000000000000e+03 -9.999000000000000000e+03 -9.999000000000000000e+03 -9.999000000000000000e+03 -9.999000000000000000e+03 -9.999000000000000000e+03 -9.999000000000000000e+03 -9.999000000000000000e+03 -9.999000000000000000e+03 -9.999000000000000000e+03 -9.999000000000000000e+03 -9.999000000000000000e+03 -9.999000000000000000e+03 -9.999000000000000000e+03 -9.999000000000000000e+03
-9.999000000000000000e+03 -9.999000000000000000e+03 -9.999000000000000000e+03 -9.999000000000000000e+03 -9.999000000000000000e+03 -9.999000000000000000e+03 -9.999000000000000000e+03 -9.999000000000000000e+03 4.447532999999999959e+00 7.535267400000000393e+00 6.636556599999999584e+00 2.277119900000000197e+00 3.247703299999999960e+00 3.048740099999999842e+00 3.125135999999999914e+00 3.576784400000000197e+00 3.460824699999999865e+00 2.010564299999999971e+00 -9.999000000000000000e+03 -9.999000000000000000e+03 -9.999000000000000000e+03 -9.999000000000000000e+03 -9.999000000000000000e+03 -9.999000000000000000e+03 -9.999000000000000000e+03 -9.999000000000000000e+03 -9.999000000000000000e+03 -9.999000000000000000e+03 -9.999000000000000000e+03 -9.999000000000000000e+03 -9.999000000000000000e+03 -9.999000000000000000e+03 -9.999000000000000000e+03 -9.999000000000000000e+03 -9.999000000000000000e+03 -9.999000000000000000e+03 -9.999000000000000000e+03
-9.999000000000000000e+03 -9.999000000000000000e+03 -9.999000000000000000e+03 -9.999000000000000000e+03 -9.999000000000000000e+03 -9.999000000000000000e+03 -9.999000000000000000e+03 -9.999000000000000000e+03 1.634765100000000082e+00 4.780516999999999683e+00 7.547194499999999806e+00 5.944563999999999737e+00 1.593182199999999993e+00 2.306318000000000090e+00 2.864558000000000160e+00 2.994766199999999934e+00 2.291788799999999959e+00 2.261141799999999868e+00 1.412477500000000052e+00 -9.999000000000000000e+03 -9.999000000000000000e+03 -9.999000000000000000e+03 -9.999000000000000000e+03 -9.999000000000000000e+03 -9.999000000000000000e+03 -9.999000000000000000e+03 -9.999000000000000000e+03 -9.999000000000000000e+03 -9.999000000000000000e+03 -9.999000000000000000e+03 -9.999000000000000000e+03 -9.999000000000000000e+03 -9.999000000000000000e+03 -9.999000000000000000e+03 -9.999000000000000000e+03 -9.999000000000000000e+03 -9.999000000000000000e+03
-9.999000000000000000e+03 -9.999000000000000000e+03 -9.999000000000000000e+03 -9.999000000000000000e+03 -9.999000000000000000e+03 -9.999000000000000000e+03 -9.999000000000000000e+03 -9.999000000000000000e+03 -9.999000000000000000e+03 1.797824400000000100e+00 3.860175100000000192e+00 6.936748500000000206e+00 5.939427000000000234e+00 2.728974299999999964e+00 2.620726599999999795e+00 2.442372999999999905e+00 1.170198099999999908e+00 3.183690299999999862e+00 1.732799399999999990e+00 1.610268699999999997e+00 9.292454999999999465e-01 -9.999000000000000000e+03 -9.999000000000000000e+03 -9.999000000000000000e+03 -9.999000000000000000e+03 -9.999000000000000000e+03 -9.999000000000000000e+03 -9.999000000000000000e+03 -9.999000000000000000e+03 -9.999000000000000000e+03 -9.999000000000000000e+03 -9.999000000000000000e+03 -9.999000000000000000e+03 -9.999000000000000000e+03 -9.999000000000000000e+03 -9.999000000000000000e+03 4.478722600000000220e+00
-9.999000000000000000e+03 -9.999000000000000000e+03 -9.999000000000000000e+03 -9.999000000000000000e+03 -9.999000000000000000e+03 -9.999000000000000000e+03 -9.999000000000000000e+03 -9.999000000000000000e+03 -9.999000000000000000e+03 -9.999000000000000000e+03 5.667202500000000365e-01 4.166526300000000127e+00 7.820045499999999983e+00 6.222191999999999723e+00 2.843214800000000153e+00 9.399577000000000071e-01 1.164396299999999940e+00 2.575694299999999881e+00 1.976217200000000007e+00 1.867659699999999923e+00 1.807134900000000099e+00 1.230572900000000081e+00 2.192518699999999932e+00 -9.999000000000000000e+03 -9.999000000000000000e+03 -9.999000000000000000e+03 -9.999000000000000000e+03 -9.999000000000000000e+03 -9.999000000000000000e+03 -9.999000000000000000e+03 -9.999000000000000000e+03 -9.999000000000000000e+03 -9.999000000000000000e+03 -9.999000000000000000e+03 -9.999000000000000000e+03 6.426686300000000074e+00 9.369825000000000514e+00
-9.999000000000000000e+03 -9.999000000000000000e+03 -9.999000000000000000e+03 -9.999000000000000000e+03 -9.999000000000000000e+03 -9.999000000000000000e+03 -9.999000000000000000e+03 -9.999000000000000000e+03 -9.999000000000000000e+03 -9.999000000000000000e+03 1.855612500000000109e+00 9.799322999999999784e-01 5.713845300000000016e+00 7.701643999999999934e+00 5.294715000000000060e+00 1.084182299999999932e+00 1.343277300000000007e+00 1.201602700000000024e+00 1.254927399999999915e+00 1.135792099999999971e+00 1.864708800000000055e+00 1.721753400000000100e+00 2.263128500000000098e+00 2.330392400000000031e+00 1.602312900000000040e+00 -9.999000000000000000e+03 -9.999000000000000000e+03 -9.999000000000000000e+03 -9.999000000000000000e+03 -9.999000000000000000e+03 -9.999000000000000000e+03 -9.999000000000000000e+03 -9.999000000000000000e+03 1.595689700000000100e+00 4.016380999999999979e+00 5.883884000000000114e+00 7.208592999999999584e+00
-9.999000000000000000e+03 -9.999000000000000000e+03 -9.999000000000000000e+03 -9.999000000000000000e+03 -9.999000000000000000e+03 -9.999000000000000000e+03 -9.999000000000000000e+03 -9.999000000000000000e+03 -9.999000000000000000e+03 -9.999000000000000000e+03 2.782465499999999814e+00 3.387885999999999953e+00 2.688249799999999912e+00 6.131067800000000290e+00 6.822136999999999674e+00 2.341359900000000049e+00 1.162216300000000091e+00 1.139501899999999956e+00 8.292298299999999456e-01 2.129866300000000101e-01 1.953817700000000102e+00 5.194775000000000365e-01 7.785028999999999977e-01 2.047760699999999989e+00 2.802312899999999996e+00 2.011514399999999814e+00 -9.999000000000000000e+03 -9.999000000000000000e+03 -9.999000000000000000e+03 -9.999000000000000000e+03 -9.999000000000000000e+03 -9.999000000000000000e+03 3.459220600000000090e+00 3.539318999999999882e+00 3.628965099999999833e+00 3.715833700000000128e+00 2.696459799999999962e+00
-9.999000000000000000e+03 -9.999000000000000000e+03 -9.999000000000000000e+03 -9.999000000000000000e+03 -9.999000000000000000e+03 -9.999000000000000000e+03 -9.999000000000000000e+03 -9.999000000000000000e+03 -9.999000000000000000e+03 -9.999000000000000000e+03 3.257693000000000172e+00 4.373115000000000308e+00 3.458504000000000023e+00 3.043308500000000194e+00 6.405017400000000194e+00 4.576797499999999630e+00 1.156640899999999972e+00 2.565077800000000074e+00 2.637097400000000036e+00 1.055472500000000036e+00 1.632842200000000021e+00 1.006115899999999952e+00 7.058955000000000091e-01 2.173731800000000103e+00 2.614034399999999980e+00 2.088355299999999914e+00 1.223073499999999925e+00 -9.999000000000000000e+03 -9.999000000000000000e+03 -9.999000000000000000e+03 1.513333800000000062e+00 4.180605400000000138e+00 5.595901999999999710e+00 4.638695000000000235e+00 3.981932899999999886e+00 4.172766700000000384e+00 2.971603200000000111e+00
-9.999000000000000000e+03 -9.999000000000000000e+03 -9.999000000000000000e+03 -9.999000000000000000e+03 -9.999000000000000000e+03 -9.999000000000000000e+03 -9.999000000000000000e+03 -9.999000000000000000e+03 -9.999000000000000000e+03 -9.999000000000000000e+03 2.068554900000000085e+00 3.452038799999999963e+00 4.368619999999999948e+00 3.516589199999999860e+00 3.600140600000000024e+00 5.374795400000000001e+00 3.162408600000000014e+00 1.457856400000000052e+00 3.448793000000000220e+00 3.615801799999999844e+00 1.598227000000000064e+00 6.932134599999999480e-01 6.925509600000000487e-01 2.176083300000000165e+00 2.934014799999999923e+00 2.304587600000000069e+00 6.636073599999999795e-01 1.818049800000000049e+00 1.868599499999999969e+00 1.929177300000000095e-01 1.802330399999999999e+00 2.992154799999999781e+00 4.798603499999999578e+00 5.501045999999999658e+00 5.312246299999999977e+00 5.446588499999999833e+00 4.894952299999999923e+00
-9.999000000000000000e+03 -9.999000000000000000e+03 -9.999000000000000000e+03 -9.999000000000000000e+03 -9.999000000000000000e+03 -9.999000000000000000e+03 -9.999000000000000000e+03 -9.999000000000000000e+03 -9.999000000000000000e+03 -9.999000000000000000e+03 3.430716499999999947e+00 3.215905400000000025e+00 3.811660299999999779e+00 4.481705700000000014e+00 3.005259800000000148e+00 3.183877999999999986e+00 4.021594000000000335e+00 3.158245599999999875e+00 1.703200700000000012e+00 4.362906500000000243e+00 5.011341599999999730e+00 3.975483699999999843e+00 2.752749000000000112e+00 2.363414000000000126e+00 2.438495000000000079e+00 2.435672799999999860e+00 3.642318800000000079e-01 2.411989699999999903e+00 1.453245899999999979e+00 6.544060999999999906e-01 1.223007100000000014e+00 6.054449699999999712e-01 2.126450000000000173e+00 3.781938300000000197e+00 4.862860699999999703e+00 5.661849499999999757e+00 6.028798600000000008e+00
-9.999000000000000000e+03 -9.999000000000000000e+03 -9.999000000000000000e+03 -9.999000000000000000e+03 -9.999000000000000000e+03 -9.999000000000000000e+03 -9.999000000000000000e+03 -9.999000000000000000e+03 -9.999000000000000000e+03 3.843857999999999997e+00 5.126731399999999716e+00 4.537224300000000099e+00 3.703464700000000054e+00 3.896502499999999980e+00 4.301336000000000048e+00 3.423678600000000127e+00 2.976465000000000138e+00 3.624376999999999960e+00 2.792365799999999787e+00 2.766839300000000001e+00 4.752200600000000108e+00 5.581019999999999648e+00 4.620852000000000182e+00 3.129772200000000115e+00 2.065158600000000177e+00 2.144721500000000169e+00 1.199421199999999965e+00 2.936304999999999943e+00 2.468942600000000098e+00 1.420800400000000074e+00 8.821068399999999476e-01 3.954019999999999757e-01 2.871699600000000019e-01 1.553798299999999966e+00 2.832083200000000023e+00 4.230351999999999890e+00 5.236196999999999768e+00
-9.999000000000000000e+03 -9.999000000000000000e+03 -9.999000000000000000e+03 -9.999000000000000000e+03 -9.999000000000000000e+03 -9.999000000000000000e+03 -9.999000000000000000e+03 8.144951000000000274e-01 1.740276500000000004e+00 4.355268999999999835e+00 5.372905699999999563e+00 5.390310000000000379e+00 4.841765399999999886e+00 4.429704700000000273e+00 4.346828499999999984e+00 4.077303999999999817e+00 3.927874800000000111e+00 3.295528399999999802e+00 2.863452399999999898e+00 2.350678400000000057e+00 1.984734400000000010e+00 3.400183000000000177e+00 4.777639399999999981e+00 4.157935000000000159e+00 2.947011199999999942e+00 2.571302000000000199e+00 2.410453299999999910e+00 3.019007400000000008e+00 3.203017500000000073e+00 2.106289999999999996e+00 1.189699599999999968e+00 7.654447599999999463e-01 5.260517000000000110e-01 1.038878900000000050e+00 1.403228600000000048e+00 2.802700000000000191e+00 3.641178399999999815e+00
-9.999000000000000000e+03 -9.999000000000000000e+03 -9.999000000000000000e+03 -9.999000000000000000e+03 -9.999000000000000000e+03 -9.999000000000000000e+03 2.919470000000000010e+00 1.530432699999999979e+00 1.518977900000000103e+00 1.855078100000000063e+00 3.143981199999999809e+00 4.155670599999999659e+00 4.736107299999999576e+00 4.703888400000000303e+00 4.017336000000000240e+00 2.613902599999999854e+00 3.066792700000000149e+00 2.827636200000000155e+00 1.855655800000000077e+00 1.962833800000000073e+00 2.483202700000000096e+00 1.561945600000000045e+00 2.401185299999999856e+00 4.145885500000000334e+00 4.609714999999999563e+00 4.045176999999999801e+00 3.043325700000000023e+00 2.786913600000000102e+00 3.405782199999999982e+00 3.436168200000000006e+00 3.130701800000000201e+00 2.442203300000000077e+00 1.724812699999999976e+00 1.737681199999999926e+00 1.290805100000000039e+00 1.676285100000000083e+00 2.133408800000000216e+00
-9.999000000000000000e+03 -9.999000000000000000e+03 -9.999000000000000000e+03 -9.999000000000000000e+03 -9.999000000000000000e+03 4.643810000000000215e+00 5.254284400000000410e+00 2.804099799999999920e+00 9.131365000000000176e-01 1.161314799999999980e+00 1.370096399999999992e+00 2.559741499999999892e+00 3.453718199999999960e+00 3.868772700000000064e+00 4.410177000000000014e+00 1.923315799999999909e+00 1.751142999999999894e+00 1.242460700000000084e+00 1.152730800000000055e+00 8.703471999999999875e-01 2.028039699999999890e+00 2.757095599999999980e+00 1.763483300000000087e+00 1.694416799999999945e+00 3.889930999999999806e+00 5.033176000000000094e+00 4.688654999999999795e+00 4.252506000000000341e+00 3.771807700000000096e+00 2.922410000000000174e+00 2.906331799999999799e+00 3.365165999999999880e+00 3.287585299999999933e+00 2.734455599999999986e+00 2.091569699999999976e+00 1.588559599999999961e+00 1.359671700000000039e+00
-9.999000000000000000e+03 -9.999000000000000000e+03 -9.999000000000000000e+03 -9.999000000000000000e+03 4.052734000000000059e+00 6.000890300000000011e+00 6.195585000000000342e+00 5.876154399999999889e+00 3.826865199999999856e+00 1.915500600000000109e+00 1.718245500000000092e+00 1.973464799999999908e+00 2.561212999999999962e+00 3.509257299999999802e+00 5.565773000000000081e+00 4.512861299999999964e+00 1.961620700000000106e+00 1.205341800000000019e+00 9.467876600000000309e-01 1.153076900000000071e+00 1.112374500000000044e+00 1.665443199999999901e+00 2.394455199999999895e+00 2.874383400000000144e+00 2.515784700000000207e+00 2.926909199999999878e+00 4.237497000000000291e+00 4.781306299999999787e+00 4.193175300000000050e+00 2.254413800000000023e+00 8.009224499999999525e-01 1.751746400000000037e+00 3.104886000000000035e+00 3.200210300000000174e+00 2.657242800000000127e+00 2.182036599999999993e+00 1.647309899999999994e+00
