data/C3/slope.dat
ncols         89
nrows         61
xllcorner     604704
yllcorner     7083008
cellsize      16
NODATA_value  -9999
[rows 17 to 33 of 61, columns 0 to 36 of 89]
-9.999000000000000000e+03 -9.999000000000000000e+03 7.754160000000000219e-02 1.070410800000000107e+00 3.299671399999999810e+00 5.020776299999999637e+00 6.286121399999999859e+00 7.343202599999999691e+00 6.832157999999999731e+00 4.298919699999999899e+00 2.249440400000000118e+00 1.812899400000000050e+00 2.049694000000000127e+00 2.429727000000000192e+00 5.140734700000000323e+00 7.209334400000000365e+00 6.284373000000000431e+00 4.152258400000000016e+00 2.935140000000000082e+00 2.793323800000000023e+00 2.375835400000000153e+00 1.699244600000000105e+00 2.054785700000000048e+00 2.737677300000000091e+00 3.157160999999999884e+00 2.859063900000000213e+00 1.846525299999999925e+00 3.208756199999999836e+00 5.432511299999999821e+00 4.159906399999999671e+00 1.697322400000000009e+00 1.138284800000000097e+00 8.902927000000000479e-01 1.220452099999999929e+00 1.884071700000000016e+00 2.104190599999999911e+00 1.907763600000000004e+00
-9.999000000000000000e+03 -9.999000000000000000e+03 1.484645500000000062e+00 1.449559299999999933e-02 7.881158000000000330e-01 2.052201999999999860e+00 3.319906000000000024e+00 4.697977500000000362e+00 5.809575599999999618e+00 5.064859000000000222e+00 2.962166999999999994e+00 1.752100699999999955e+00 1.988405800000000001e+00 2.234347999999999779e+00 2.639987699999999826e+00 5.407816399999999746e+00 7.279252999999999751e+00 7.009340299999999857e+00 5.577640500000000223e+00 4.251152000000000264e+00 3.332101999999999897e+00 2.367312399999999872e+00 2.362172999999999856e+00 2.378733899999999846e+00 2.171022400000000019e+00 3.041971399999999992e+00 2.785928999999999878e+00 6.466389999999999638e-01 4.508238300000000365e+00 6.288295699999999933e+00 5.488883999999999652e+00 3.123195400000000177e+00 8.231420000000000403e-01 5.794981999999999633e-01 1.340440999999999994e+00 2.048080999999999818e+00 2.406699699999999886e+00
-9.999000000000000000e+03 7.247205700000000306e+00 6.149625300000000294e+00 2.099554499999999990e+00 4.467835399999999790e-01 2.388781500000000113e-01 5.673749000000000153e-01 2.089766700000000199e+00 3.932867299999999844e+00 4.560711000000000404e+00 3.690885300000000147e+00 2.695702999999999960e+00 2.487046499999999938e+00 2.243650199999999817e+00 2.720492099999999969e+00 2.417424200000000134e+00 4.052182000000000173e+00 5.895201000000000136e+00 6.198446999999999818e+00 5.579812999999999690e+00 5.439593000000000345e+00 5.202152299999999840e+00 4.148221000000000380e+00 2.636052400000000073e+00 1.149882000000000071e+00 1.994407700000000006e+00 3.039659700000000075e+00 1.862124600000000019e+00 1.368186799999999925e+00 4.281673399999999852e+00 5.760153999999999996e+00 5.367832700000000123e+00 3.822052999999999923e+00 2.400566800000000001e+00 2.253771799999999992e+00 2.581364600000000120e+00 3.011334999999999873e+00
4.821520999999999724e+00 9.790537000000000489e+00 1.002409600000000012e+01 6.636290599999999706e+00 2.764553799999999839e+00 8.938407999999999909e-01 3.961318400000000128e-01 9.485903999999999447e-01 2.700582499999999886e+00 4.295176500000000175e+00 5.031299999999999883e+00 4.123954000000000342e+00 2.974738599999999789e+00 2.659381400000000006e+00 3.060391699999999826e+00 2.546155499999999794e+00 2.314100999999999964e+00 3.724751200000000040e+00 5.699799500000000130e+00 6.865574999999999761e+00 7.390051399999999937e+00 7.638869999999999827e+00 6.724097699999999733e+00 5.012342499999999923e+00 3.179688200000000187e+00 1.641837699999999955e+00 2.515747999999999873e+00 2.532137899999999942e+00 2.146806000000000214e+00 2.269858099999999990e+00 4.081187199999999571e+00 5.226575000000000415e+00 5.354800000000000004e+00 4.655693000000000303e+00 3.656579999999999941e+00 3.286544800000000155e+00 3.309954600000000191e+00
2.409034300000000073e+00 5.154920999999999864e+00 8.740149499999999350e+00 9.293855000000000643e+00 6.587781399999999898e+00 3.450252299999999828e+00 1.341825000000000045e+00 3.315548300000000226e-01 1.113450800000000074e+00 2.627693700000000021e+00 3.950826199999999844e+00 3.863939799999999813e+00 2.432627399999999884e+00 2.414416300000000071e+00 2.885002099999999903e+00 2.356568999999999914e+00 1.753740199999999971e+00 2.305735799999999891e+00 3.718589000000000144e+00 5.473922700000000141e+00 6.204297500000000021e+00 6.332118499999999983e+00 6.475565999999999711e+00 6.540048999999999779e+00 6.265446999999999989e+00 4.855025999999999620e+00 4.112378999999999785e+00 3.914179799999999876e+00 3.371925000000000061e+00 2.995825299999999913e+00 4.097527499999999989e+00 5.979249499999999884e+00 6.867356299999999969e+00 7.082933999999999841e+00 6.401117300000000121e+00 4.994239300000000270e+00 4.125860000000000305e+00
-9.999000000000000000e+03 2.106692799999999810e+00 4.341853600000000313e+00 6.913292399999999560e+00 7.632494999999999585e+00 6.369562000000000168e+00 4.513036999999999743e+00 2.330809400000000142e+00 6.526577000000000073e-01 4.676439000000000012e-01 1.355348999999999915e+00 2.974893999999999927e+00 2.948959599999999792e+00 2.502050399999999897e+00 2.318627600000000122e+00 1.742891100000000026e+00 1.652461299999999911e+00 2.212587599999999988e+00 2.785094700000000145e+00 2.891798000000000091e+00 4.060936500000000393e+00 5.019566000000000194e+00 5.527579000000000242e+00 6.147236000000000367e+00 7.142472299999999663e+00 7.156750699999999910e+00 6.288429999999999964e+00 5.119716999999999629e+00 3.862982500000000208e+00 3.335711199999999987e+00 3.904830200000000140e+00 5.461948999999999721e+00 6.943142400000000158e+00 7.632729000000000319e+00 7.759216000000000335e+00 6.395488000000000284e+00 4.071702499999999780e+00
-9.999000000000000000e+03 -9.999000000000000000e+03 1.637228099999999964e+00 3.227392399999999828e+00 5.619448700000000407e+00 6.356246999999999758e+00 6.726145700000000005e+00 5.893635999999999875e+00 3.078520300000000098e+00 1.038960000000000106e+00 3.682564500000000129e-01 1.436539800000000033e+00 2.373425199999999791e+00 1.547638499999999917e+00 1.663636700000000079e+00 1.533143799999999946e+00 2.041468000000000060e+00 2.412998700000000163e+00 2.813594300000000104e+00 3.171639700000000062e+00 3.062828999999999802e+00 4.398325999999999958e+00 5.706197999999999659e+00 6.068845300000000442e+00 6.329393999999999743e+00 6.523735499999999909e+00 5.743765999999999927e+00 3.771112200000000136e+00 2.225643199999999933e+00 2.252337999999999951e+00 2.513699499999999976e+00 2.661743899999999829e+00 3.908038400000000134e+00 5.335982300000000400e+00 6.184176400000000129e+00 6.366424600000000211e+00 4.871239700000000283e+00
-9.999000000000000000e+03 -9.999000000000000000e+03 -9.999000000000000000e+03 1.104112900000000064e+00 2.776982299999999793e+00 3.340591199999999983e+00 4.902779999999999916e+00 6.274138999999999911e+00 5.296610399999999608e+00 2.375688600000000150e+00 7.690425499999999914e-01 4.566672999999999982e-01 1.210955299999999957e+00 9.356785399999999475e-01 1.433581699999999959e+00 1.733042100000000030e+00 1.875895899999999950e+00 1.977643700000000004e+00 2.395566699999999827e+00 3.080498700000000145e+00 3.062884799999999963e+00 2.477022199999999952e+00 3.510745000000000005e+00 4.946847400000000228e+00 5.458634400000000220e+00 5.053975000000000328e+00 4.207950600000000208e+00 3.147767299999999935e+00 1.446823399999999982e+00 2.197028599999999887e+00 1.940890800000000027e+00 1.718593500000000107e+00 1.917158799999999941e+00 1.778483700000000001e+00 2.921906700000000079e+00 5.269115000000000215e+00 6.277969999999999828e+00
-9.999000000000000000e+03 -9.999000000000000000e+03 -9.999000000000000000e+03 -9.999000000000000000e+03 -9.999000000000000000e+03 1.984797399999999934e+00 2.808144799999999996e+00 4.745268000000000264e+00 5.620809999999999640e+00 3.806354499999999863e+00 1.455257400000000034e+00 8.030751999999999891e-01 7.465950999999999560e-01 1.921724200000000105e+00 2.525609699999999957e-01 2.153918299999999952e+00 2.568475999999999981e+00 2.623312199999999983e+00 2.609613700000000147e+00 2.793873300000000004e+00 2.938084100000000198e+00 2.685454800000000031e+00 1.959340899999999941e+00 1.934809800000000024e+00 3.305004799999999854e+00 3.810043799999999869e+00 3.978468700000000080e+00 3.531385400000000008e+00 2.800397900000000107e+00 3.659438800000000214e+00 3.313806500000000099e+00 2.031067800000000201e+00 9.620539999999999647e-01 2.354099300000000117e+00 1.183524800000000043e+00 3.409309100000000203e+00 6.487279000000000018e+00
-9.999000000000000000e+03 -9.999000000000000000e+03 -9.999000000000000000e+03 -9.999000000000000000e+03 -9.999000000000000000e+03 -9.999000000000000000e+03 2.493333999999999939e+00 3.308155300000000132e+00 4.110852200000000067e+00 5.091070700000000393e+00 3.288951400000000191e+00 1.212601199999999935e+00 4.695621999999999852e-01 1.688094100000000042e+00 2.480826599999999882e+00 1.394627199999999956e+00 1.446017300000000061e+00 3.214815600000000106e+00 3.458744999999999958e+00 3.105386000000000202e+00 2.709303600000000145e+00 2.589496399999999809e+00 2.710177700000000023e+00 1.928807699999999903e+00 1.252349399999999946e+00 3.481427399999999839e+00 4.984018999999999977e+00 4.752196299999999596e+00 3.861806599999999978e+00 4.328872999999999749e+00 4.759669299999999659e+00 5.503588699999999889e+00 5.116189999999999571e+00 3.133681300000000114e+00 2.526707000000000036e+00 2.894044399999999850e+00 5.966530999999999807e+00
-9.999000000000000000e+03 -9.999000000000000000e+03 -9.999000000000000000e+03 -9.999000000000000000e+03 -9.999000000000000000e+03 -9.999000000000000000e+03 -9.999000000000000000e+03 2.384450000000000180e+00 7.160098599999999980e-01 4.609238000000000390e+00 6.248481800000000419e+00 4.431868999999999836e+00 2.643020400000000159e+00 1.167863199999999990e+00 1.397067999999999977e+00 2.712613600000000069e+00 2.891036000000000161e+00 2.877832999999999863e+00 3.226960000000000051e+00 2.988885999999999932e+00 2.567423600000000139e+00 2.460695700000000041e+00 2.691205500000000139e+00 2.604836199999999824e+00 1.301758500000000041e+00 2.252623999999999960e+00 5.380798999999999666e+00 7.597876000000000296e+00 7.223320499999999811e+00 6.121864300000000370e+00 5.865988999999999898e+00 6.753476599999999941e+00 8.794228999999999630e+00 9.154265999999999792e+00 7.019023999999999930e+00 5.447160199999999897e+00 5.725583600000000217e+00
-9.999000000000000000e+03 -9.999000000000000000e+03 -9.999000000000000000e+03 -9.999000000000000000e+03 -9.999000000000000000e+03 -9.999000000000000000e+03 -9.999000000000000000e+03 1.686512699999999976e+00 2.193618499999999916e+00 1.617490600000000001e+00 5.936077599999999954e+00 7.580954600000000099e+00 7.234695000000000320e+00 6.030319699999999727e+00 3.891872600000000126e+00 1.499855399999999950e+00 1.667935799999999968e+00 3.064601399999999920e+00 3.104127000000000081e+00 2.257930800000000016e+00 1.939777700000000049e+00 2.288263300000000111e+00 2.538583800000000057e+00 2.665405499999999872e+00 2.464927700000000055e+00 2.112348599999999799e+00 2.715441199999999888e+00 5.297866299999999917e+00 7.369055699999999653e+00 7.410398500000000332e+00 6.694857999999999976e+00 6.258189999999999920e+00 6.856457699999999988e+00 8.705187000000000452e+00 9.937438999999999467e+00 8.747434999999999405e+00 7.368007699999999716e+00
-9.999000000000000000e+03 -9.999000000000000000e+03 -9.999000000000000000e+03 -9.999000000000000000e+03 -9.999000000000000000e+03 -9.999000000000000000e+03 -9.999000000000000000e+03 -9.999000000000000000e+03 3.862557999999999936e+00 3.050187300000000157e+00 4.449249000000000120e-01 3.225897300000000190e+00 5.356246999999999758e+00 6.730076999999999643e+00 5.990496600000000171e+00 5.165146400000000249e+00 5.817571599999999954e+00 5.308479000000000170e+00 3.101137200000000149e+00 1.755574799999999991e+00 1.734171200000000024e+00 1.879396099999999903e+00 2.280867999999999896e+00 2.402768399999999804e+00 2.483305500000000166e+00 2.758696599999999943e+00 3.068805699999999970e+00 2.664606800000000053e+00 3.086295799999999812e+00 4.884595000000000020e+00 5.691327000000000247e+00 5.621254399999999762e+00 5.523492300000000021e+00 6.067249999999999588e+00 7.511372999999999855e+00 8.675777999999999324e+00 8.369141000000000830e+00
-9.999000000000000000e+03 -9.999000000000000000e+03 -9.999000000000000000e+03 -9.999000000000000000e+03 -9.999000000000000000e+03 -9.999000000000000000e+03 -9.999000000000000000e+03 -9.999000000000000000e+03 -9.999000000000000000e+03 2.307352299999999801e+00 2.705861599999999978e+00 2.747396999999999867e+00 2.367778299999999891e+00 3.745438000000000045e+00 3.521617399999999787e+00 3.625603700000000096e+00 6.799786600000000014e+00 1.024322599999999994e+01 9.913980999999999710e+00 5.545283999999999658e+00 2.747623200000000043e+00 2.308297599999999949e+00 2.629114899999999810e+00 2.720025500000000207e+00 2.732321000000000222e+00 2.807837699999999881e+00 2.703632799999999836e+00 2.844907500000000145e+00 3.047366100000000078e+00 2.853126300000000004e+00 3.375325199999999803e+00 4.185298000000000407e+00 4.692889000000000088e+00 4.827049999999999841e+00 4.755201300000000408e+00 5.449383700000000275e+00 6.013531699999999702e+00
-9.999000000000000000e+03 -9.999000000000000000e+03 -9.999000000000000000e+03 -9.999000000000000000e+03 -9.999000000000000000e+03 -9.999000000000000000e+03 -9.999000000000000000e+03 -9.999000000000000000e+03 -9.999000000000000000e+03 -9.999000000000000000e+03 2.348291000000000128e+00 2.698099000000000025e+00 4.794140999999999764e+00 4.304412000000000127e+00 1.897566099999999922e+00 1.703293299999999899e+00 3.442899199999999826e+00 5.524536000000000335e+00 1.176515700000000031e+01 1.267467899999999936e+01 8.993444000000000216e+00 3.879969800000000024e+00 2.450372499999999842e+00 2.783213899999999796e+00 2.861980400000000202e+00 2.754807200000000122e+00 1.864139599999999897e+00 1.496334899999999912e+00 3.868741299999999939e+00 4.586648000000000280e+00 3.152289999999999814e+00 2.935922600000000049e+00 3.122409300000000165e+00 2.999020300000000194e+00 2.580979600000000040e+00 2.604244500000000073e+00 2.944440000000000168e+00
-9.999000000000000000e+03 -9.999000000000000000e+03 -9.999000000000000000e+03 -9.999000000000000000e+03 -9.999000000000000000e+03 -9.999000000000000000e+03 -9.999000000000000000e+03 -9.999000000000000000e+03 -9.999000000000000000e+03 -9.999000000000000000e+03 -9.999000000000000000e+03 -9.999000000000000000e+03 3.569605399999999928e+00 3.072371500000000033e+00 2.044221199999999961e+00 2.090875599999999945e+00 4.205396699999999655e+00 3.067967200000000005e+00 3.606154699999999824e+00 1.016418200000000027e+01 1.262643100000000018e+01 9.489248999999999157e+00 4.876790500000000250e+00 2.984990999999999950e+00 2.543387200000000181e+00 2.258147699999999869e+00 1.335953399999999958e+00 3.709145799999999937e-01 2.411077000000000137e+00 5.401275599999999955e+00 4.676544999999999952e+00 3.551519900000000174e+00 2.996544999999999792e+00 2.245380899999999791e+00 1.612475600000000009e+00 1.524814399999999903e+00 1.562663600000000041e+00
-9.999000000000000000e+03 -9.999000000000000000e+03 -9.999000000000000000e+03 -9.999000000000000000e+03 -9.999000000000000000e+03 -9.999000000000000000e+03 -9.999000000000000000e+03 -9.999000000000000000e+03 -9.999000000000000000e+03 -9.999000000000000000e+03 -9.999000000000000000e+03 -9.999000000000000000e+03 -9.999000000000000000e+03 1.608649100000000054e+00 2.685367299999999791e+00 2.640845500000000179e+00 3.783191200000000087e+00 3.826756200000000163e+00 6.213298400000000221e-01 5.410294000000000381e+00 8.945562999999999931e+00 1.109258200000000016e+01 9.701401000000000607e+00 6.005671000000000426e+00 3.730166699999999835e+00 2.976270700000000158e+00 1.995574799999999982e+00 7.373480999999999508e-01 1.312788499999999914e+00 3.747227200000000202e+00 4.647918699999999959e+00 4.427750600000000425e+00 4.248340999999999923e+00 3.177345299999999817e+00 2.229727700000000201e+00 1.856878900000000110e+00 1.716513399999999967e+00
