data/C3/slope.dat
ncols         89
nrows         61
xllcorner     604704
yllcorner     7083008
cellsize      16
NODATA_value  -9999
[rows 34 to 50 of 61, columns 37 to 73 of 89]
1.966638099999999945e+00 2.689091200000000015e+00 6.276633000000000351e+00 4.665940800000000444e+00 5.546915000000000262e+00 5.811312700000000220e+00 5.611059700000000205e+00 6.775173699999999855e+00 6.879122999999999877e+00 6.767266000000000226e+00 5.600500000000000256e+00 4.435564000000000284e+00 3.933078800000000097e+00 3.888058700000000201e+00 3.815212199999999942e+00 4.553224000000000160e+00 4.881967500000000015e+00 4.818574400000000146e+00 4.116445999999999827e+00 3.623613600000000101e+00 3.361101199999999789e+00 2.862394300000000058e+00 2.835875500000000216e+00 2.866650799999999943e+00 2.228043599999999902e+00 1.511148500000000006e+00 1.827733599999999958e+00 1.519492599999999971e+00 7.807391999999999666e-01 9.699012599999999873e-01 1.508964299999999925e+00 2.240467799999999787e+00 2.120293000000000205e+00 1.658257099999999928e+00 1.846340899999999952e+00 2.873047000000000128e+00 3.083876099999999898e+00
2.811388299999999951e+00 2.110325599999999913e+00 5.330828699999999643e+00 5.867907999999999902e+00 6.845282000000000089e+00 5.672545399999999738e+00 4.312478999999999729e+00 4.858254999999999768e+00 4.530130400000000002e+00 4.200755599999999923e+00 4.558601399999999693e+00 5.292373699999999737e+00 5.414896999999999849e+00 5.661480000000000068e+00 5.947544599999999626e+00 6.269266000000000005e+00 6.242583800000000238e+00 6.299908600000000192e+00 6.509062000000000126e+00 5.982527000000000150e+00 5.181320999999999621e+00 4.545556500000000000e+00 4.240593399999999846e+00 4.351796600000000126e+00 4.520840999999999887e+00 3.842873299999999936e+00 2.048852000000000118e+00 1.068574399999999924e+00 1.547240900000000030e+00 1.348146800000000090e+00 1.640067799999999965e+00 2.203288000000000135e+00 2.584202799999999911e+00 2.182920199999999866e+00 1.843611000000000111e+00 2.057108599999999843e+00 2.764035199999999914e+00
3.657017499999999810e+00 2.127532700000000165e+00 3.086818699999999804e+00 4.776182000000000372e+00 5.324054000000000286e+00 3.879202100000000097e+00 2.847541300000000053e+00 3.115954200000000007e+00 2.891655000000000086e+00 2.115832800000000180e+00 3.542439499999999963e+00 4.425624400000000236e+00 5.081252600000000008e+00 5.438390300000000011e+00 5.813315000000000232e+00 6.132939999999999614e+00 6.028828999999999994e+00 5.802976000000000134e+00 6.298682999999999588e+00 6.408099700000000176e+00 5.832739400000000352e+00 5.111347999999999558e+00 4.657867000000000424e+00 4.700069000000000052e+00 5.094914400000000398e+00 5.519799700000000087e+00 5.170390000000000263e+00 3.422861800000000176e+00 1.762985800000000047e+00 1.895047699999999891e+00 2.055017199999999988e+00 2.688373299999999855e+00 3.206038200000000060e+00 3.025261200000000095e+00 2.740228199999999781e+00 2.832211700000000221e+00 3.036029800000000112e+00
4.971275300000000286e+00 3.709153699999999887e+00 1.174050100000000096e+00 2.121672999999999920e+00 2.503280199999999844e+00 1.811029400000000011e+00 1.317220000000000057e+00 1.696754000000000095e+00 2.760968200000000206e+00 1.192276099999999950e+00 3.677351700000000001e+00 2.938124000000000180e+00 3.897342999999999780e+00 4.120753299999999619e+00 4.367821700000000362e+00 4.806599600000000194e+00 4.662194699999999692e+00 4.043896000000000157e+00 3.835207700000000219e+00 3.832898999999999834e+00 3.745889399999999814e+00 3.642734299999999870e+00 3.671132800000000085e+00 3.794018299999999844e+00 3.979014199999999946e+00 4.544972999999999708e+00 5.602189000000000085e+00 6.036107499999999959e+00 4.949644000000000155e+00 3.035829800000000134e+00 2.823716899999999974e+00 3.496832599999999847e+00 4.059877400000000414e+00 3.944248700000000163e+00 3.740545700000000195e+00 3.862055499999999864e+00 3.730581299999999878e+00
6.302700500000000261e+00 5.752911600000000014e+00 3.614390000000000214e+00 1.487096399999999985e+00 1.061603099999999911e+00 1.056124700000000027e+00 7.310313600000000189e-01 1.126901300000000106e+00 2.358676399999999784e+00 1.635671499999999945e+00 4.512018699999999605e+00 4.343476299999999846e+00 1.799117000000000077e+00 2.936910399999999921e+00 3.641106399999999965e+00 3.916382000000000030e+00 3.479391300000000076e+00 2.845567500000000027e+00 2.470739000000000019e+00 2.348571800000000209e+00 2.354493600000000075e+00 2.465976500000000016e+00 2.650395000000000056e+00 2.812785900000000172e+00 3.014512299999999811e+00 3.281813599999999997e+00 4.071438999999999808e+00 5.181824999999999903e+00 6.015005999999999631e+00 5.341997000000000106e+00 4.130400700000000036e+00 4.825568999999999775e+00 4.895821999999999896e+00 4.380067000000000377e+00 4.182507499999999823e+00 4.194418999999999897e+00 3.719335599999999964e+00
7.048701000000000327e+00 6.843130600000000285e+00 6.026108699999999985e+00 3.625290999999999819e+00 1.628933500000000034e+00 1.186749000000000054e+00 9.266881300000000543e-01 1.390004999999999935e+00 3.605079200000000039e+00 3.201173499999999894e+00 4.213794700000000226e+00 6.043519500000000377e+00 3.469344099999999820e+00 2.779078199999999832e+00 3.124995999999999885e+00 3.166771999999999920e+00 2.579279699999999842e+00 2.138316199999999778e+00 2.125804700000000214e+00 2.427971100000000160e+00 2.682703300000000013e+00 2.755709599999999870e+00 2.855841199999999969e+00 3.069727400000000106e+00 3.161054000000000030e+00 2.895781299999999892e+00 2.836522599999999894e+00 3.137823000000000029e+00 3.940150000000000041e+00 5.126827699999999766e+00 5.526855000000000295e+00 6.024807499999999649e+00 5.170191299999999934e+00 3.978106700000000107e+00 3.667631399999999875e+00 3.451020999999999894e+00 2.861215599999999970e+00
1.076327000000000034e+01 9.215020000000000877e+00 8.032197000000000031e+00 6.078861999999999988e+00 3.873202599999999940e+00 2.800979400000000119e+00 2.110191799999999951e+00 6.761593999999999660e-01 4.638125999999999749e+00 4.194531399999999799e+00 4.416481000000000101e+00 4.205583999999999989e+00 3.855573000000000139e+00 4.480306999999999817e+00 3.384333799999999837e+00 2.292187999999999892e+00 1.845588900000000088e+00 1.613259800000000022e+00 1.460967700000000091e+00 1.354493100000000005e+00 1.411284599999999889e+00 1.679797200000000101e+00 1.997677799999999948e+00 2.141157600000000105e+00 2.038435999999999915e+00 1.909048300000000031e+00 2.077608000000000121e+00 2.375697000000000170e+00 2.805637599999999843e+00 3.812492100000000050e+00 4.913558000000000092e+00 5.195109999999999673e+00 4.264454999999999885e+00 3.355049100000000006e+00 2.915496800000000110e+00 2.523875700000000055e+00 2.086574300000000104e+00
1.617508000000000123e+01 1.558817600000000070e+01 1.295452500000000029e+01 1.044841300000000039e+01 8.437345000000000539e+00 6.378677999999999848e+00 4.985802999999999763e+00 2.810579999999999856e+00 3.299363000000000046e+00 6.291167299999999685e+00 7.336644999999999861e+00 5.617757300000000065e+00 4.045469299999999713e+00 4.798135000000000261e+00 3.787320999999999938e+00 1.742922499999999930e+00 9.235899400000000536e-01 5.747961400000000110e-01 3.022843599999999742e-01 4.443656200000000167e-01 6.416376000000000301e-01 9.014494400000000462e-01 1.129167400000000043e+00 1.186505900000000002e+00 1.129059000000000035e+00 8.543300600000000022e-01 6.902814000000000449e-01 1.143203500000000039e+00 1.788819099999999995e+00 2.274236199999999819e+00 2.516814500000000177e+00 2.438988999999999852e+00 2.136507700000000121e+00 1.903425700000000109e+00 2.147727000000000164e+00 2.193611999999999895e+00 1.878816400000000053e+00
1.318398600000000087e+01 1.611419700000000077e+01 1.680668400000000062e+01 1.662757900000000078e+01 1.433238500000000037e+01 1.032433999999999941e+01 8.033540000000000347e+00 6.137247999999999593e+00 2.660005299999999906e+00 4.334592299999999732e+00 5.280492299999999695e+00 4.919840999999999909e+00 4.545286700000000124e+00 3.894521500000000191e+00 2.739271599999999918e+00 1.442571199999999942e+00 9.666770000000000085e-01 1.166009499999999921e+00 1.351880799999999994e+00 1.261902599999999985e+00 1.183787099999999981e+00 1.372499799999999937e+00 1.530540299999999965e+00 1.459656400000000076e+00 1.450659900000000002e+00 1.445633799999999969e+00 1.509660100000000060e+00 1.463477099999999975e+00 1.251348700000000091e+00 1.248706099999999930e+00 1.224551299999999898e+00 1.156947500000000018e+00 1.519948999999999995e+00 1.767809299999999917e+00 1.964685800000000038e+00 2.330352800000000002e+00 2.254992000000000107e+00
6.469614499999999602e+00 8.974462000000000828e+00 1.123634099999999947e+01 1.447339400000000076e+01 1.659669699999999892e+01 1.465418200000000049e+01 1.138609699999999947e+01 9.315167000000000641e+00 6.252119000000000426e+00 3.337878499999999971e+00 1.857316500000000037e+00 1.185249599999999903e+00 1.387061799999999900e+00 1.187426799999999893e+00 1.221598699999999926e+00 1.490441200000000022e+00 1.569678300000000082e+00 1.742273699999999925e+00 1.718164699999999989e+00 1.659725099999999953e+00 1.597738099999999939e+00 1.654571199999999909e+00 1.662995199999999896e+00 1.423442400000000108e+00 1.277147699999999997e+00 1.068169200000000041e+00 1.096392599999999939e+00 1.489100099999999927e+00 1.841547599999999951e+00 2.005484000000000044e+00 1.658227799999999919e+00 1.369993599999999923e+00 1.937481900000000090e+00 2.506924199999999825e+00 2.487121000000000137e+00 2.289608700000000052e+00 2.030353499999999922e+00
4.507033299999999798e+00 4.637281399999999998e+00 3.866011600000000215e+00 5.637312399999999890e+00 1.192562399999999911e+01 1.580135399999999990e+01 1.464414999999999978e+01 1.216997500000000088e+01 9.625279000000000806e+00 7.544715000000000060e+00 4.314750000000000085e+00 2.073504699999999978e+00 1.721448799999999890e+00 1.561763999999999930e+00 1.677703900000000026e+00 1.866823799999999922e+00 1.880239500000000064e+00 1.926005600000000095e+00 1.916006899999999957e+00 1.963833099999999998e+00 1.917884099999999981e+00 1.953861499999999918e+00 1.903467000000000020e+00 1.561119600000000052e+00 1.360596799999999940e+00 1.069431500000000090e+00 7.602501499999999579e-01 8.270627999999999869e-01 1.290302199999999955e+00 2.232607600000000136e+00 2.427929400000000015e+00 2.030553799999999853e+00 2.071264300000000169e+00 2.015123599999999904e+00 2.085948999999999831e+00 1.968507599999999913e+00 1.163877999999999968e+00
3.654299700000000151e+00 2.978467699999999940e+00 3.551201799999999853e+00 3.229781599999999919e+00 4.828233700000000184e+00 1.049023200000000067e+01 1.294350700000000032e+01 1.188743400000000072e+01 1.068274800000000013e+01 1.056412599999999991e+01 8.153563500000000630e+00 5.357711300000000065e+00 4.716287600000000246e+00 4.498406000000000127e+00 4.093541600000000003e+00 3.779016500000000001e+00 3.948834199999999850e+00 5.437131400000000170e+00 6.310139699999999685e+00 5.806955300000000264e+00 4.733465999999999951e+00 3.938796799999999987e+00 3.140268299999999790e+00 2.326130599999999937e+00 1.850218900000000000e+00 1.389617899999999961e+00 1.043701900000000071e+00 9.221120499999999609e-01 1.169264099999999917e+00 2.088192700000000013e+00 2.751339999999999897e+00 2.340320600000000084e+00 1.679399700000000051e+00 1.729720099999999983e+00 2.220455400000000079e+00 2.393949999999999800e+00 1.888781899999999903e+00
3.995274000000000214e+00 4.919318999999999775e+00 5.854442999999999842e+00 6.010356999999999950e+00 5.680001999999999995e+00 7.728612000000000037e+00 9.060850000000000293e+00 7.639593999999999774e+00 8.974783999999999651e+00 1.102241000000000071e+01 1.088432199999999916e+01 9.060698999999999614e+00 8.508706000000000103e+00 8.661236999999999853e+00 8.118031000000000219e+00 7.359117499999999978e+00 8.342833499999999347e+00 1.204462900000000047e+01 1.454836599999999969e+01 1.510093200000000024e+01 1.313059400000000032e+01 1.069257449999999920e+01 8.602657999999999916e+00 6.486696700000000426e+00 5.162640599999999580e+00 5.780930999999999820e+00 7.605223999999999762e+00 7.306442699999999846e+00 4.717831999999999582e+00 2.714379800000000120e+00 2.604510499999999951e+00 2.797559000000000129e+00 2.267266999999999921e+00 1.935033599999999909e+00 2.208839699999999961e+00 2.849486000000000185e+00 3.883762100000000217e+00
-9.999000000000000000e+03 4.300565200000000310e+00 5.427869000000000277e+00 4.636825599999999881e+00 3.541598000000000024e+00 5.581847999999999921e+00 5.904101400000000055e+00 4.153193500000000427e+00 5.057949500000000320e+00 7.454679999999999751e+00 9.278294999999999959e+00 9.028997000000000384e+00 7.279589699999999830e+00 6.362500999999999962e+00 6.917736500000000177e+00 8.009876000000000218e+00 9.019978999999999303e+00 1.107292099999999913e+01 1.079339599999999955e+01 1.166979700000000086e+01 1.183569800000000072e+01 1.006902599999999914e+01 9.329855999999999483e+00 1.022480599999999917e+01 1.210727800000000087e+01 1.301573800000000070e+01 1.399979300000000038e+01 1.437820600000000049e+01 1.210522699999999929e+01 6.309828300000000390e+00 3.095371000000000095e+00 3.316789899999999847e+00 3.695018300000000089e+00 3.762713999999999892e+00 4.392398000000000025e+00 5.614180600000000076e+00 6.479090700000000425e+00
-9.999000000000000000e+03 2.035346500000000169e+00 3.100850299999999837e+00 2.771684200000000153e+00 3.731781999999999933e+00 4.585644199999999948e+00 3.735481699999999794e+00 3.206653999999999893e+00 2.753308999999999784e+00 2.877159600000000150e+00 5.094388499999999986e+00 6.886986000000000274e+00 5.836111999999999966e+00 3.248091200000000178e+00 1.967400999999999955e+00 3.222927599999999781e+00 3.989574999999999871e+00 6.076471999999999873e+00 4.123552000000000106e+00 3.439617000000000147e+00 6.962289300000000125e+00 4.887609499999999940e+00 7.018746000000000151e+00 1.133501399999999926e+01 1.400783099999999948e+01 1.427636799999999972e+01 1.187355699999999992e+01 1.185895499999999991e+01 1.430029500000000020e+01 1.009305999999999948e+01 5.376531599999999855e+00 5.289335999999999594e+00 6.777727600000000407e+00 7.954533600000000426e+00 8.662660999999999945e+00 9.057800999999999547e+00 9.099754000000000786e+00
-9.999000000000000000e+03 -9.999000000000000000e+03 1.698251100000000013e+00 2.087572600000000111e+00 3.219361300000000092e+00 3.339066299999999821e+00 2.730037499999999895e+00 3.324672200000000188e+00 2.271741599999999917e+00 8.293199999999999461e-01 3.069808999999999788e+00 5.627849600000000230e+00 7.248399700000000223e+00 5.305560999999999972e+00 1.057739999999999903e+00 1.156136599999999959e+00 1.895151400000000042e+00 4.528400999999999677e+00 3.913328400000000151e+00 1.841951600000000022e+00 7.246344599999999581e+00 1.290973600000000054e+01 1.745774799999999871e+01 1.673642500000000055e+01 1.422251499999999957e+01 1.325136000000000003e+01 1.160882999999999932e+01 1.172243800000000036e+01 1.363469000000000086e+01 1.116776300000000077e+01 8.263052999999999315e+00 7.937663999999999831e+00 8.780690999999999136e+00 9.644099000000000643e+00 1.013699899999999943e+01 1.224315900000000035e+01 1.542472899999999925e+01
-9.999000000000000000e+03 -9.999000000000000000e+03 -9.999000000000000000e+03 -9.999000000000000000e+03 -9.999000000000000000e+03 -9.999000000000000000e+03 -9.999000000000000000e+03 2.504584299999999875e+00 1.463897500000000074e+00 2.295487599999999961e+00 3.969585700000000106e+00 4.895775300000000385e+00 7.752631000000000050e+00 7.714674500000000101e+00 3.888736000000000193e+00 2.628057300000000152e-01 2.073999600000000054e+00 4.330651300000000425e+00 4.747705999999999982e+00 5.810801999999999801e+00 1.190700000000000003e+01 1.710229299999999952e+01 1.761567499999999953e+01 1.724637600000000148e+01 1.577037400000000034e+01 1.229106400000000043e+01 1.138980300000000057e+01 1.401125900000000080e+01 1.494290900000000022e+01 1.171857550000000003e+01 9.555149000000000115e+00 9.070662999999999698e+00 8.809269000000000460e+00 8.280214000000000851e+00 8.254670000000000840e+00 1.250818499999999922e+01 1.651764899999999869e+01
