data/C3/slope.dat
ncols         89
nrows         61
xllcorner     604704
yllcorner     7083008
cellsize      16
NODATA_value  -9999
[rows 17 to 33 of 61, columns 37 to 73 of 89]
1.925116000000000049e+00 4.546407999999999561e+00 4.879458399999999862e+00 3.339654200000000017e+00 3.962243799999999982e+00 4.086595499999999603e+00 3.911054399999999820e+00 4.544801999999999786e+00 6.365508600000000072e+00 6.336033300000000423e+00 4.644201999999999941e+00 4.913980999999999710e+00 4.824056999999999817e+00 3.155968999999999802e+00 2.051385199999999909e+00 1.756544000000000105e+00 1.609766699999999995e+00 6.835519299999999632e+00 5.835454999999999615e+00 1.906560299999999986e+00 8.009279400000000049e-01 1.306479500000000016e+00 1.200736599999999932e+00 6.200862999999999792e-01 -9.999000000000000000e+03 -9.999000000000000000e+03 -9.999000000000000000e+03 -9.999000000000000000e+03 -9.999000000000000000e+03 -9.999000000000000000e+03 -9.999000000000000000e+03 -9.999000000000000000e+03 -9.999000000000000000e+03 -9.999000000000000000e+03 -9.999000000000000000e+03 -9.999000000000000000e+03 -9.999000000000000000e+03
2.425730000000000164e+00 4.681700000000000195e+00 4.518132999999999733e+00 3.306994700000000176e+00 4.356095299999999781e+00 4.527870700000000248e+00 4.520508000000000415e+00 6.164589000000000318e+00 7.309239999999999959e+00 5.690850000000000186e+00 3.557317999999999980e+00 3.882989999999999942e+00 4.233886000000000038e+00 3.947644500000000001e+00 3.401895000000000113e+00 8.434745700000000346e-01 2.758128000000000135e+00 5.921469700000000280e+00 4.856493000000000393e+00 2.440494000000000163e+00 1.446446200000000015e+00 7.957516300000000431e-01 1.066276800000000025e+00 8.706233500000000181e-01 -9.999000000000000000e+03 -9.999000000000000000e+03 -9.999000000000000000e+03 -9.999000000000000000e+03 -9.999000000000000000e+03 -9.999000000000000000e+03 -9.999000000000000000e+03 -9.999000000000000000e+03 -9.999000000000000000e+03 -9.999000000000000000e+03 -9.999000000000000000e+03 -9.999000000000000000e+03 -9.999000000000000000e+03
3.046170699999999787e+00 4.149000599999999928e+00 4.720682000000000045e+00 4.109382599999999996e+00 4.746265000000000178e+00 4.971974399999999683e+00 5.743505500000000374e+00 6.681904300000000241e+00 5.736647999999999747e+00 3.518215000000000092e+00 1.679019899999999899e+00 2.553961300000000101e+00 5.248478000000000421e+00 6.372391999999999612e+00 5.575769000000000197e+00 3.636296300000000148e+00 3.020832799999999985e+00 4.734070299999999953e+00 4.869256499999999654e+00 3.351130500000000012e+00 2.048412599999999806e+00 9.950006599999999812e-01 9.487529999999999575e-01 8.444441999999999782e-01 -9.999000000000000000e+03 -9.999000000000000000e+03 -9.999000000000000000e+03 -9.999000000000000000e+03 -9.999000000000000000e+03 -9.999000000000000000e+03 -9.999000000000000000e+03 -9.999000000000000000e+03 -9.999000000000000000e+03 -9.999000000000000000e+03 -9.999000000000000000e+03 -9.999000000000000000e+03 -9.999000000000000000e+03
3.627070199999999911e+00 4.698282200000000408e+00 5.789753000000000149e+00 5.396933599999999664e+00 5.482676999999999801e+00 6.223870999999999931e+00 6.972345400000000026e+00 6.378925299999999687e+00 3.704109400000000107e+00 7.964864999999999862e-01 2.148962299999999992e+00 4.606178299999999837e+00 6.061846000000000068e+00 7.611737999999999893e+00 7.018732499999999597e+00 5.058819999999999872e+00 4.674512000000000000e+00 6.058141700000000185e+00 6.950260000000000105e+00 5.861959999999999837e+00 3.638067200000000057e+00 1.357422799999999929e+00 5.127843600000000501e-01 5.898497000000000323e-01 9.177142000000000355e-01 -9.999000000000000000e+03 -9.999000000000000000e+03 -9.999000000000000000e+03 -9.999000000000000000e+03 -9.999000000000000000e+03 -9.999000000000000000e+03 -9.999000000000000000e+03 -9.999000000000000000e+03 -9.999000000000000000e+03 -9.999000000000000000e+03 -9.999000000000000000e+03 -9.999000000000000000e+03
4.067143999999999870e+00 4.483789999999999942e+00 5.136449299999999774e+00 5.566725700000000110e+00 5.943959699999999735e+00 6.591753500000000265e+00 6.150146000000000335e+00 4.465772000000000297e+00 8.346654999999999491e-01 3.736650500000000097e+00 5.369325599999999810e+00 3.925016999999999978e+00 2.994149000000000171e+00 5.915802000000000227e+00 6.920615699999999926e+00 5.384608700000000248e+00 3.986349300000000095e+00 4.461974599999999569e+00 5.938924000000000092e+00 6.710208999999999868e+00 6.405678299999999936e+00 3.681269599999999809e+00 9.799475699999999900e-01 4.414217799999999858e-01 7.624068000000000511e-01 7.660445000000000171e-01 -9.999000000000000000e+03 -9.999000000000000000e+03 -9.999000000000000000e+03 -9.999000000000000000e+03 -9.999000000000000000e+03 -9.999000000000000000e+03 -9.999000000000000000e+03 -9.999000000000000000e+03 -9.999000000000000000e+03 -9.999000000000000000e+03 -9.999000000000000000e+03
2.436944700000000186e+00 2.305162399999999945e+00 3.247185500000000058e+00 4.951772000000000062e+00 5.533854999999999968e+00 5.544625299999999868e+00 4.460615599999999681e+00 2.578450199999999803e+00 2.803301300000000218e+00 7.108862000000000236e+00 4.732349400000000372e+00 2.566208399999999834e+00 2.025636700000000179e+00 3.794906899999999972e+00 4.443145000000000344e+00 4.433898000000000117e+00 4.683690999999999605e+00 4.692671299999999768e+00 4.817819599999999980e+00 5.225512000000000157e+00 6.737749599999999894e+00 5.849838700000000280e+00 2.460132999999999903e+00 6.967475400000000541e-01 4.394001000000000157e-01 6.350419499999999662e-01 6.114935000000000231e-01 -9.999000000000000000e+03 -9.999000000000000000e+03 -9.999000000000000000e+03 -9.999000000000000000e+03 -9.999000000000000000e+03 -9.999000000000000000e+03 -9.999000000000000000e+03 -9.999000000000000000e+03 -9.999000000000000000e+03 -9.999000000000000000e+03
1.988192600000000088e+00 1.364882799999999952e+00 2.527880199999999800e+00 4.395889300000000333e+00 6.589997300000000280e+00 6.297931700000000355e+00 4.150627000000000066e+00 1.936225199999999980e+00 4.652147300000000207e+00 7.516337400000000279e+00 1.246527099999999999e+00 3.922090999999999994e+00 3.723213700000000070e+00 3.626759799999999867e+00 2.690947500000000048e+00 1.953453499999999954e+00 3.350342799999999954e+00 4.716089199999999870e+00 5.198352299999999815e+00 4.956090500000000176e+00 5.989251999999999576e+00 6.486925600000000181e+00 4.077554000000000123e+00 1.398029100000000025e+00 3.621016400000000024e-01 2.535146999999999817e-01 1.847747399999999929e-01 -9.999000000000000000e+03 -9.999000000000000000e+03 -9.999000000000000000e+03 -9.999000000000000000e+03 -9.999000000000000000e+03 -9.999000000000000000e+03 -9.999000000000000000e+03 -9.999000000000000000e+03 -9.999000000000000000e+03 -9.999000000000000000e+03
4.282356300000000005e+00 2.380994299999999786e+00 2.436022499999999980e+00 3.842011999999999983e+00 6.522292000000000201e+00 7.384806000000000203e+00 4.716666700000000212e+00 2.169977999999999962e+00 4.865711700000000306e+00 8.090849999999999653e+00 5.543404999999999916e+00 4.730596499999999871e+00 4.874413500000000177e+00 3.494121999999999950e+00 2.521250699999999956e+00 1.848698399999999964e+00 1.536686999999999914e+00 2.705363300000000137e+00 4.323196399999999606e+00 5.076496999999999815e+00 5.590368299999999735e+00 6.619691000000000436e+00 6.017271499999999662e+00 2.834061900000000023e+00 6.240122999999999642e-01 1.275786499999999879e-01 3.839695000000000191e-01 1.400414100000000051e-01 -9.999000000000000000e+03 -9.999000000000000000e+03 -9.999000000000000000e+03 -9.999000000000000000e+03 -9.999000000000000000e+03 -9.999000000000000000e+03 -9.999000000000000000e+03 -9.999000000000000000e+03 -9.999000000000000000e+03
6.503465000000000273e+00 5.166357500000000158e+00 3.651257800000000220e+00 2.995755200000000062e+00 5.840824999999999712e+00 8.246337999999999724e+00 5.416325999999999752e+00 2.555472599999999872e+00 3.914191699999999940e+00 6.891252999999999851e+00 7.481520999999999866e+00 5.951565699999999737e+00 4.847312999999999761e+00 3.586322500000000080e+00 2.237186400000000130e+00 1.286884099999999975e+00 1.707169799999999960e+00 2.968825299999999778e+00 3.527341100000000118e+00 3.747723300000000091e+00 4.085994699999999646e+00 5.516577700000000029e+00 7.072248000000000090e+00 5.315860699999999994e+00 1.970024299999999950e+00 2.638676200000000249e-01 6.589086699999999741e-01 5.277638999999999525e-01 5.655995600000000012e-01 -9.999000000000000000e+03 -9.999000000000000000e+03 -9.999000000000000000e+03 -9.999000000000000000e+03 -9.999000000000000000e+03 -9.999000000000000000e+03 -9.999000000000000000e+03 -9.999000000000000000e+03
8.133767000000000635e+00 8.184473000000000553e+00 7.559041999999999817e+00 5.678607999999999656e+00 5.622206699999999557e+00 8.580149000000000470e+00 5.511987999999999666e+00 2.803640800000000155e+00 2.447921800000000037e+00 4.483988000000000085e+00 5.665873500000000007e+00 5.385163300000000319e+00 4.128327999999999776e+00 2.991845599999999994e+00 2.079204799999999853e+00 2.490259000000000000e+00 3.679061700000000101e+00 4.730978000000000350e+00 4.536330699999999716e+00 3.810699699999999801e+00 3.156114300000000039e+00 3.275923000000000140e+00 5.003572000000000131e+00 5.757678499999999921e+00 3.658158499999999869e+00 1.318086599999999997e+00 6.854796399999999457e-01 1.126593200000000072e+00 8.891793000000000058e-01 7.516502999999999934e-01 -9.999000000000000000e+03 -9.999000000000000000e+03 -9.999000000000000000e+03 -9.999000000000000000e+03 -9.999000000000000000e+03 -9.999000000000000000e+03 -9.999000000000000000e+03
7.957500999999999713e+00 9.466571999999999321e+00 9.651113000000000497e+00 8.865804000000000684e+00 7.021197299999999863e+00 7.232433000000000334e+00 4.520846399999999932e+00 2.853810000000000180e+00 1.515445699999999896e+00 2.588588199999999784e+00 3.907755600000000218e+00 4.981673200000000357e+00 4.773177600000000353e+00 3.598348000000000102e+00 3.176755399999999785e+00 3.877954499999999971e+00 4.619140999999999941e+00 4.714915999999999663e+00 4.270519300000000129e+00 4.366986299999999765e+00 4.408071999999999768e+00 3.989297000000000093e+00 3.612033100000000108e+00 3.968723799999999802e+00 3.806141000000000219e+00 2.710755600000000154e+00 1.406941199999999892e+00 1.213223299999999893e+00 1.544231899999999991e+00 1.423981399999999953e+00 1.315447699999999998e+00 -9.999000000000000000e+03 -9.999000000000000000e+03 -9.999000000000000000e+03 -9.999000000000000000e+03 -9.999000000000000000e+03 -9.999000000000000000e+03
7.582142400000000393e+00 8.604936999999999614e+00 8.702092999999999634e+00 8.619837999999999667e+00 6.868360000000000021e+00 5.333641000000000076e+00 3.449460000000000193e+00 2.484771700000000028e+00 1.650290699999999999e+00 1.321083299999999960e+00 2.609472799999999815e+00 4.024076499999999612e+00 4.710055999999999798e+00 4.445071699999999737e+00 4.018465499999999579e+00 3.660228500000000107e+00 3.614993000000000123e+00 4.038840000000000430e+00 4.060511599999999888e+00 4.161178600000000394e+00 4.089019999999999655e+00 3.699096400000000173e+00 3.309152000000000093e+00 2.687585599999999797e+00 2.323940799999999918e+00 3.090401400000000187e+00 2.656125999999999987e+00 1.432828900000000072e+00 1.765995999999999899e+00 2.189110499999999959e+00 2.157633300000000087e+00 1.125736999999999988e+00 -9.999000000000000000e+03 -9.999000000000000000e+03 -9.999000000000000000e+03 -9.999000000000000000e+03 -9.999000000000000000e+03
7.485027299999999606e+00 6.825776600000000194e+00 6.636114599999999975e+00 6.666888700000000334e+00 5.841504600000000380e+00 4.894984000000000002e+00 3.553771499999999861e+00 2.301849100000000092e+00 1.526818500000000078e+00 1.526820700000000031e+00 2.523773400000000056e+00 3.192761400000000194e+00 3.766768200000000011e+00 3.776831200000000166e+00 3.309746000000000077e+00 3.089702400000000182e+00 3.640715999999999841e+00 4.469436599999999871e+00 4.393851999999999869e+00 4.019084000000000323e+00 3.434733399999999826e+00 3.264098999999999862e+00 3.469736300000000107e+00 3.144664999999999822e+00 2.226399199999999912e+00 2.413567500000000088e+00 3.099716200000000033e+00 2.103099799999999853e+00 1.683366899999999999e+00 2.012561799999999845e+00 2.088854800000000012e+00 1.742975099999999999e+00 -9.999000000000000000e+03 -9.999000000000000000e+03 -9.999000000000000000e+03 -9.999000000000000000e+03 -9.999000000000000000e+03
5.710221299999999722e+00 4.913040600000000424e+00 4.851745600000000103e+00 4.373387300000000089e+00 4.392513300000000065e+00 4.372294000000000125e+00 3.670020300000000013e+00 3.240793500000000105e+00 2.880414500000000100e+00 3.082929399999999820e+00 3.513954000000000022e+00 2.969682999999999851e+00 2.256145000000000067e+00 2.829248699999999950e+00 2.655166900000000219e+00 2.961276300000000195e+00 3.924042700000000217e+00 4.324645000000000294e+00 3.776018000000000097e+00 3.355560800000000121e+00 3.128033400000000075e+00 3.087866299999999953e+00 2.962180899999999895e+00 2.700176499999999979e+00 2.883259499999999864e+00 3.113886400000000165e+00 2.961502999999999997e+00 2.125340700000000194e+00 2.070393999999999846e+00 1.766299000000000063e+00 1.781338700000000053e+00 2.008364999999999956e+00 1.337765499999999941e+00 -9.999000000000000000e+03 -9.999000000000000000e+03 -9.999000000000000000e+03 -9.999000000000000000e+03
3.015645300000000084e+00 3.552304700000000093e+00 4.459356999999999793e+00 2.297953399999999924e+00 2.500509300000000046e+00 3.756673999999999847e+00 3.695060499999999859e+00 2.947947500000000165e+00 2.942614299999999794e+00 3.144832599999999978e+00 2.796637500000000109e+00 1.961542600000000025e+00 1.143039300000000091e+00 1.710238900000000006e+00 2.425911399999999940e+00 2.969824599999999926e+00 3.097717799999999855e+00 2.919991500000000073e+00 2.502975199999999845e+00 2.270420800000000128e+00 2.146431000000000200e+00 1.757273800000000108e+00 1.440105299999999922e+00 1.615354500000000026e+00 2.235686999999999980e+00 2.924515700000000162e+00 2.815406299999999806e+00 1.886812399999999945e+00 1.780106900000000048e+00 1.934579300000000002e+00 1.556731599999999993e+00 1.803187600000000002e+00 1.602152999999999938e+00 9.566687999999999859e-01 7.903940699999999486e-01 -9.999000000000000000e+03 -9.999000000000000000e+03
1.522965799999999925e+00 3.782401999999999820e+00 5.001748599999999989e+00 1.940019799999999961e+00 2.578447300000000109e+00 3.179019499999999887e+00 3.739693599999999840e+00 2.324132999999999782e+00 1.338306699999999960e+00 1.659875900000000071e+00 2.227411500000000100e+00 2.066901000000000099e+00 1.518766800000000083e+00 1.135974299999999992e+00 1.632613400000000103e+00 2.205217999999999900e+00 1.959991599999999945e+00 1.791455299999999973e+00 2.071706299999999779e+00 2.330175600000000014e+00 2.040288700000000066e+00 1.094170000000000087e+00 7.116304599999999647e-01 1.216095900000000007e+00 1.849123499999999920e+00 1.904680399999999940e+00 1.674625199999999925e+00 1.390929800000000105e+00 9.281347399999999581e-01 1.858539699999999906e+00 2.031960199999999883e+00 1.447057199999999932e+00 1.263097200000000031e+00 1.533343300000000076e+00 1.676237200000000094e+00 1.489120599999999905e+00 1.035503700000000027e+00
1.364738800000000030e+00 3.636089600000000033e+00 5.953936999999999813e+00 3.020181399999999794e+00 3.609483700000000184e+00 4.182412000000000241e+00 4.948983700000000319e+00 4.991043600000000247e+00 3.982822200000000201e+00 4.383520599999999767e+00 4.432120000000000282e+00 3.198211000000000137e+00 2.274578599999999895e+00 1.746029099999999890e+00 1.738360300000000080e+00 2.452252600000000005e+00 2.610710099999999922e+00 2.289946299999999990e+00 1.966529299999999925e+00 2.487073399999999879e+00 2.413906599999999791e+00 1.543929600000000013e+00 1.173638100000000017e+00 9.392424999999999802e-01 1.547779400000000027e+00 2.292691700000000221e+00 1.948390099999999903e+00 7.439731000000000538e-01 7.362942000000000098e-01 1.095764399999999972e+00 2.167071799999999993e+00 2.017311299999999807e+00 1.420672500000000005e+00 1.385919200000000018e+00 2.470936500000000091e+00 3.049121599999999876e+00 2.512194399999999828e+00
