data/C3/twi.dat
ncols         89
nrows         61
xllcorner     604704
yllcorner     7083008
cellsize      16
NODATA_value  -9999
[rows 34 to 50 of 61, columns 37 to 73 of 89]
1.152406200000000069e+01 1.229694399999999987e+01 5.864656000000000091e+00 5.278311999999999671e+00 5.104442599999999608e+00 7.385210999999999970e+00 7.734040700000000434e+00 6.185726999999999975e+00 5.329335999999999629e+00 5.428124000000000393e+00 7.039685000000000414e+00 7.772062299999999979e+00 7.557127000000000372e+00 6.154516000000000098e+00 5.480339999999999989e+00 5.996019000000000432e+00 1.002826999999999913e+01 6.551891000000000354e+00 5.724574600000000402e+00 6.015806000000000431e+00 6.020243999999999929e+00 7.295111699999999644e+00 8.163036999999999210e+00 6.809942200000000057e+00 6.019187500000000135e+00 6.407714000000000354e+00 6.600392000000000259e+00 7.033476399999999629e+00 1.148754699999999929e+01 6.976444200000000428e+00 6.409161000000000108e+00 6.381345699999999788e+00 6.908667600000000242e+00 7.432762600000000219e+00 7.328373000000000026e+00 1.179439099999999918e+01 6.407096000000000124e+00
8.993320000000000647e+00 1.283677499999999938e+01 6.484861999999999682e+00 5.047812500000000036e+00 5.146262600000000020e+00 7.172678999999999583e+00 8.346374000000000848e+00 6.595385000000000275e+00 6.146774299999999691e+00 6.330110000000000348e+00 7.760027400000000242e+00 7.509891999999999790e+00 7.160148600000000307e+00 6.167555000000000121e+00 5.531639000000000195e+00 5.593332300000000146e+00 9.406079999999999330e+00 8.791247000000000256e+00 5.641624499999999820e+00 5.689616000000000007e+00 5.986530300000000082e+00 6.808124000000000287e+00 7.816210700000000067e+00 7.181216000000000044e+00 6.003186699999999654e+00 5.473094500000000195e+00 6.103110000000000035e+00 6.754374499999999948e+00 6.384099499999999594e+00 1.097079850000000079e+01 6.733736000000000388e+00 6.030371699999999890e+00 6.430689000000000100e+00 6.606726000000000099e+00 7.046956999999999915e+00 6.406334000000000195e+00 1.184743100000000027e+01
8.582364000000000104e+00 1.232833800000000046e+01 1.165885399999999983e+01 5.254853999999999914e+00 5.561478600000000050e+00 7.657041000000000430e+00 8.881199999999999761e+00 7.513645999999999603e+00 6.065541299999999580e+00 6.070912400000000098e+00 8.396575000000000344e+00 7.780980600000000358e+00 7.199385600000000274e+00 6.412772999999999612e+00 6.043226200000000325e+00 5.731397000000000297e+00 8.934722999999999971e+00 9.421594999999999942e+00 6.781203299999999601e+00 6.021791499999999964e+00 6.030030299999999954e+00 6.909367600000000387e+00 7.719107600000000069e+00 7.290465000000000195e+00 6.652511999999999759e+00 6.038909399999999650e+00 6.050616699999999959e+00 5.589147999999999783e+00 6.253491000000000355e+00 6.306370300000000206e+00 1.057054300000000069e+01 6.558355999999999852e+00 5.975207300000000110e+00 6.587510599999999883e+00 6.769963999999999871e+00 6.861612000000000045e+00 6.123857000000000106e+00
8.073183000000000220e+00 8.547682000000000002e+00 1.327509300000000003e+01 1.132830700000000057e+01 6.750297999999999909e+00 8.367734000000000449e+00 9.781399000000000399e+00 8.456659000000000148e+00 6.219040999999999819e+00 6.644807300000000083e+00 6.707798000000000371e+00 9.134351000000000553e+00 7.466821000000000375e+00 6.990984000000000087e+00 6.566412999999999833e+00 6.324544399999999733e+00 8.751545000000000130e+00 9.786054999999999282e+00 8.787850999999999857e+00 6.965126999999999846e+00 6.794622999999999635e+00 7.293666400000000216e+00 7.932274299999999556e+00 7.613621700000000381e+00 7.399664999999999715e+00 6.809601999999999933e+00 6.309046999999999628e+00 5.894815999999999612e+00 5.262493000000000087e+00 5.709394500000000150e+00 6.315624999999999822e+00 1.005057299999999998e+01 6.509014600000000428e+00 6.338090000000000224e+00 6.825645999999999880e+00 6.935838000000000392e+00 6.582278999999999769e+00
6.585897000000000112e+00 6.847796999999999912e+00 8.084075999999999596e+00 1.328894200000000048e+01 6.760920999999999736e+00 7.827675300000000114e+00 1.086625199999999936e+01 7.201953399999999839e+00 5.962150000000000283e+00 6.328490699999999691e+00 5.312000799999999856e+00 8.923581000000000429e+00 1.001686899999999980e+01 7.599556999999999896e+00 6.661745500000000320e+00 6.867399999999999949e+00 8.649983000000000644e+00 1.002956700000000012e+01 9.854507999999999157e+00 7.622284399999999849e+00 7.198284600000000033e+00 7.685738599999999643e+00 8.257277999999999452e+00 8.089498000000000744e+00 7.718460600000000227e+00 7.841922799999999860e+00 6.906411000000000300e+00 6.332676400000000427e+00 5.992717999999999989e+00 5.361002000000000045e+00 5.400706999999999702e+00 6.239689000000000263e+00 9.729253999999999181e+00 6.879066500000000417e+00 6.531275299999999895e+00 6.846972499999999684e+00 1.158890150000000041e+01
6.291002800000000228e+00 7.057640000000000136e+00 6.800519000000000425e+00 7.238063999999999609e+00 1.321873100000000001e+01 1.358475999999999928e+01 7.125321999999999711e+00 7.699925399999999698e+00 5.755840300000000020e+00 5.656257000000000090e+00 5.380646699999999782e+00 5.354583299999999824e+00 6.175683499999999881e+00 9.662179000000000073e+00 7.769149999999999778e+00 7.260277699999999612e+00 8.512278000000000233e+00 1.023256800000000055e+01 1.012964599999999926e+01 8.756664999999999921e+00 7.491656299999999824e+00 7.396947400000000172e+00 7.984429000000000443e+00 8.142293000000000447e+00 7.993303000000000047e+00 8.302526999999999546e+00 7.546930299999999647e+00 7.032415399999999650e+00 6.774880399999999803e+00 5.874577000000000382e+00 5.412299599999999877e+00 5.518637700000000201e+00 9.230017999999999390e+00 9.108463999999999672e+00 6.816387999999999892e+00 7.274193000000000353e+00 1.186866099999999946e+01
6.333981999999999779e+00 5.456058999999999770e+00 5.930474000000000245e+00 6.917980000000000018e+00 7.841760999999999981e+00 7.198919300000000021e+00 1.301913500000000035e+01 8.220696000000000225e+00 6.369172999999999973e+00 5.385245300000000235e+00 5.333489000000000146e+00 5.382603999999999722e+00 5.633414300000000097e+00 6.022547199999999989e+00 9.513725000000000875e+00 8.889703000000000799e+00 8.515399999999999636e+00 9.999145999999999646e+00 1.069706399999999924e+01 9.706428000000000722e+00 1.379632400000000025e+01 1.362659550000000053e+01 1.345966499999999932e+01 1.340020999999999951e+01 1.346712499999999935e+01 7.551232299999999675e+00 8.009581999999999979e+00 7.539820699999999931e+00 7.332844299999999649e+00 6.532757300000000100e+00 5.937712699999999622e+00 5.999927999999999706e+00 9.211596000000000117e+00 9.340448999999999558e+00 8.262771000000000754e+00 7.240856599999999865e+00 1.220239600000000024e+01
5.244595000000000340e+00 5.160608299999999815e+00 5.852583400000000324e+00 6.454956000000000138e+00 6.158259400000000383e+00 5.923808600000000091e+00 6.203132000000000090e+00 1.274219000000000079e+01 6.133521000000000001e+00 4.977638699999999972e+00 5.422504400000000224e+00 5.255301000000000222e+00 5.421554600000000335e+00 5.250246999999999886e+00 6.356575000000000308e+00 1.019564699999999924e+01 9.589209999999999567e+00 1.459807499999999969e+01 1.529804599999999937e+01 1.492015800000000070e+01 7.264505400000000002e+00 7.251401399999999775e+00 8.002850999999999715e+00 8.029078999999999411e+00 7.976988300000000365e+00 1.434655300000000011e+01 1.456872899999999937e+01 1.407320999999999955e+01 1.362969000000000008e+01 6.974675999999999654e+00 7.143038699999999963e+00 7.090460300000000160e+00 9.308284000000000447e+00 1.059875000000000078e+01 7.836983000000000033e+00 8.163496000000000308e+00 1.232515399999999950e+01
4.576163000000000203e+00 4.863029000000000046e+00 5.517856000000000094e+00 5.328834500000000141e+00 5.016496700000000253e+00 5.513979400000000197e+00 5.543893999999999878e+00 6.180738400000000077e+00 1.280369100000000060e+01 1.200714900000000007e+01 6.101461999999999719e+00 6.109151400000000010e+00 5.854670500000000111e+00 5.696092000000000155e+00 6.031050699999999765e+00 6.689181999999999739e+00 1.403326099999999954e+01 6.784783000000000008e+00 7.918047999999999753e+00 8.399084999999999468e+00 7.928053000000000239e+00 7.414601300000000172e+00 7.265083999999999875e+00 7.766085600000000255e+00 7.818231599999999837e+00 8.204845999999999862e+00 7.827090000000000103e+00 8.639561000000000490e+00 8.931333000000000411e+00 1.400435799999999986e+01 1.402894299999999994e+01 1.408966400000000085e+01 6.401904000000000039e+00 8.448033000000000570e+00 1.060829999999999984e+01 7.462581600000000037e+00 1.215663050000000034e+01
5.239708000000000254e+00 5.376150599999999891e+00 5.649833700000000292e+00 4.447382499999999794e+00 4.761387299999999989e+00 4.714002599999999710e+00 5.183594000000000257e+00 5.782944699999999827e+00 6.725431399999999726e+00 1.129294100000000078e+01 1.319705199999999934e+01 1.366050150000000052e+01 1.351609400000000072e+01 1.367930300000000088e+01 1.368218199999999918e+01 1.355483199999999933e+01 7.088410999999999795e+00 7.313915999999999862e+00 7.312517599999999618e+00 8.015420999999999907e+00 7.673453000000000301e+00 6.680042300000000211e+00 7.419239000000000139e+00 7.543886999999999787e+00 7.899877499999999664e+00 8.176237000000000421e+00 8.066342999999999819e+00 9.028157999999999461e+00 8.031914999999999694e+00 8.289502000000000592e+00 6.926950999999999858e+00 6.505818999999999797e+00 1.357499199999999995e+01 1.331959400000000038e+01 1.340649900000000017e+01 5.991902399999999851e+00 1.227605100000000071e+01
6.026544999999999597e+00 5.930087000000000330e+00 5.467073000000000071e+00 5.088174300000000372e+00 4.327537500000000037e+00 4.728055000000000341e+00 5.128280600000000078e+00 5.442671999999999954e+00 6.485132700000000305e+00 7.429611999999999661e+00 8.165079999999999671e+00 8.496511999999999176e+00 8.410311000000000092e+00 8.067821999999999605e+00 1.021951400000000021e+01 1.027036299999999969e+01 8.457038999999999973e+00 7.154823999999999629e+00 7.392249999999999766e+00 7.432840999999999809e+00 7.070225699999999946e+00 7.108121999999999829e+00 7.347170000000000201e+00 7.864087600000000400e+00 8.245751999999999526e+00 8.457986999999999256e+00 9.792963000000000306e+00 8.701760000000000161e+00 8.608862999999999488e+00 7.862934599999999996e+00 8.379450999999999539e+00 8.510517000000000110e+00 8.898127999999999815e+00 1.028710200000000086e+01 9.727318999999999605e+00 1.367033200000000015e+01 1.446042199999999944e+01
5.523553999999999853e+00 5.728505000000000180e+00 6.245395000000000252e+00 5.647341299999999897e+00 5.243964000000000070e+00 4.459108999999999767e+00 4.243005000000000138e+00 5.433394400000000068e+00 6.998259499999999633e+00 5.876643999999999757e+00 6.970996399999999760e+00 7.409481000000000428e+00 7.243968500000000255e+00 6.508892499999999970e+00 9.931623000000000090e+00 8.176885000000000403e+00 7.500807299999999955e+00 6.124207000000000178e+00 5.990728400000000065e+00 6.067095799999999706e+00 6.211572999999999567e+00 6.420166499999999665e+00 7.066323299999999641e+00 7.617702999999999669e+00 8.394133999999999318e+00 9.820529000000000508e+00 9.947559000000000040e+00 1.009125799999999984e+01 9.659997999999999863e+00 8.872356999999999161e+00 8.522074999999999179e+00 9.199436000000000391e+00 1.019818099999999994e+01 8.843726999999999450e+00 8.213366999999999862e+00 8.892227999999999355e+00 1.047086900000000043e+01
6.677273999999999710e+00 5.369765300000000074e+00 5.050125999999999671e+00 6.448100000000000165e+00 5.417052700000000165e+00 4.769795399999999574e+00 5.208523999999999710e+00 7.239514400000000016e+00 5.836682299999999657e+00 5.116895000000000415e+00 6.377806999999999782e+00 6.752450999999999759e+00 6.278857000000000355e+00 5.191442999999999586e+00 9.347946000000000311e+00 5.754140999999999728e+00 6.557595300000000016e+00 4.927078200000000407e+00 4.733694599999999753e+00 4.682578600000000257e+00 4.887392000000000181e+00 5.187861999999999973e+00 5.861769999999999925e+00 7.410866300000000351e+00 8.076359000000000066e+00 7.173626999999999754e+00 6.113078999999999930e+00 6.328783500000000117e+00 6.749338599999999744e+00 7.472164600000000156e+00 8.335055999999999798e+00 8.792004000000000374e+00 8.967826000000000519e+00 8.418336999999999293e+00 8.449483999999999995e+00 1.010206299999999935e+01 8.012453999999999965e+00
-9.999000000000000000e+03 7.044940500000000050e+00 5.334188499999999777e+00 6.094683999999999990e+00 7.641625399999999679e+00 5.600918300000000016e+00 7.491772000000000098e+00 6.253815000000000346e+00 5.197252299999999714e+00 5.676857000000000042e+00 6.574328000000000394e+00 6.080570999999999948e+00 6.111109299999999855e+00 4.966272000000000020e+00 9.497113000000000582e+00 5.680524000000000129e+00 5.924395600000000428e+00 4.740225999999999829e+00 4.429953000000000252e+00 4.349848299999999668e+00 4.335327999999999626e+00 4.834982400000000347e+00 5.473561300000000074e+00 7.308689000000000213e+00 6.080277999999999849e+00 6.122759000000000285e+00 4.748245999999999967e+00 4.334467400000000303e+00 4.887506499999999754e+00 7.118528399999999756e+00 7.830517300000000347e+00 8.641966000000000037e+00 8.065497000000000583e+00 7.400845000000000340e+00 9.628778999999999755e+00 7.682044499999999942e+00 6.132546399999999842e+00
-9.999000000000000000e+03 6.109728999999999743e+00 7.688440299999999894e+00 7.995310299999999870e+00 5.502514399999999917e+00 7.558918499999999874e+00 6.119155400000000355e+00 6.580720999999999599e+00 6.683830699999999680e+00 7.542235999999999940e+00 5.978493000000000279e+00 5.686855300000000391e+00 5.698640300000000103e+00 1.024387399999999992e+01 6.143709000000000309e+00 5.649469999999999992e+00 5.435513000000000261e+00 5.482636000000000287e+00 5.402372399999999963e+00 5.584253300000000309e+00 5.359164999999999957e+00 6.075626399999999983e+00 7.412604299999999924e+00 6.094254499999999908e+00 5.055819999999999759e+00 5.581298399999999660e+00 5.079801599999999695e+00 4.333307699999999762e+00 5.103548499999999599e+00 6.602397400000000083e+00 8.228576000000000334e+00 7.514615000000000045e+00 6.627403700000000342e+00 6.255883700000000047e+00 9.029474000000000444e+00 5.709377299999999877e+00 5.619341000000000363e+00
-9.999000000000000000e+03 -9.999000000000000000e+03 6.290923600000000171e+00 6.743616600000000183e+00 8.128035000000000565e+00 8.205909000000000120e+00 8.479865999999999460e+00 6.571923299999999912e+00 7.363242600000000415e+00 7.190216500000000011e+00 5.698242699999999772e+00 5.215028300000000172e+00 5.458834600000000314e+00 6.296951299999999918e+00 1.131508099999999928e+01 6.675595799999999969e+00 6.367580399999999585e+00 5.920539999999999914e+00 5.454870699999999850e+00 6.209645300000000034e+00 6.337451500000000237e+00 6.411599999999999966e+00 4.544248999999999761e+00 4.960575600000000307e+00 5.430873000000000062e+00 5.177016000000000062e+00 4.900996700000000317e+00 5.303576500000000138e+00 5.383613999999999677e+00 6.421231299999999642e+00 7.657854999999999634e+00 6.839390800000000326e+00 6.152112500000000317e+00 5.500758600000000165e+00 8.849636999999999531e+00 5.219686499999999896e+00 4.848726000000000091e+00
-9.999000000000000000e+03 -9.999000000000000000e+03 -9.999000000000000000e+03 -9.999000000000000000e+03 -9.999000000000000000e+03 -9.999000000000000000e+03 -9.999000000000000000e+03 8.523844999999999672e+00 8.748414000000000357e+00 6.671308999999999934e+00 5.440552000000000277e+00 5.230005300000000190e+00 5.459801699999999869e+00 6.058709999999999596e+00 6.818640000000000256e+00 1.262978599999999929e+01 8.587334999999999496e+00 7.369443399999999755e+00 5.804852000000000345e+00 5.182823700000000144e+00 4.785163999999999973e+00 4.835956000000000365e+00 3.919803899999999786e+00 4.310081499999999899e+00 4.975242599999999626e+00 5.022373700000000163e+00 5.222100000000000186e+00 5.198262699999999903e+00 5.746273000000000408e+00 6.551195599999999786e+00 6.910804699999999912e+00 6.445305000000000284e+00 6.089930999999999983e+00 5.239410399999999690e+00 9.043775999999999371e+00 4.781804000000000165e+00 4.170454499999999953e+00
