data/C3/twi.dat
ncols         89
nrows         61
xllcorner     604704
yllcorner     7083008
cellsize      16
NODATA_value  -9999
[rows 17 to 33 of 61, columns 37 to 73 of 89]
6.165453000000000294e+00 6.446473600000000026e+00 6.677922999999999831e+00 6.764355700000000304e+00 5.842218400000000145e+00 6.909060000000000201e+00 5.455453999999999581e+00 5.304731000000000307e+00 4.965795499999999585e+00 5.338199600000000267e+00 6.108908999999999700e+00 6.228982399999999586e+00 6.393775999999999904e+00 5.670507999999999882e+00 6.737861599999999562e+00 6.257153999999999883e+00 6.344463300000000139e+00 5.246144000000000140e+00 5.903653600000000168e+00 7.630065000000000097e+00 1.245016200000000062e+01 7.826882000000000339e+00 7.589248999999999690e+00 7.298672999999999966e+00 -9.999000000000000000e+03 -9.999000000000000000e+03 -9.999000000000000000e+03 -9.999000000000000000e+03 -9.999000000000000000e+03 -9.999000000000000000e+03 -9.999000000000000000e+03 -9.999000000000000000e+03 -9.999000000000000000e+03 -9.999000000000000000e+03 -9.999000000000000000e+03 -9.999000000000000000e+03 -9.999000000000000000e+03
5.934085399999999844e+00 5.899079999999999657e+00 6.785827600000000182e+00 7.059594999999999843e+00 6.647054999999999936e+00 6.055551499999999976e+00 7.350766700000000320e+00 5.425569000000000308e+00 5.508205000000000240e+00 6.054848999999999926e+00 6.175558599999999565e+00 6.376826300000000280e+00 8.214612999999999943e+00 8.470247000000000526e+00 8.718308000000000391e+00 1.035738850000000078e+01 5.805490500000000331e+00 5.638718599999999803e+00 6.201180500000000428e+00 6.872636299999999920e+00 7.470961599999999869e+00 1.248218199999999989e+01 7.981783000000000072e+00 7.470110000000000028e+00 -9.999000000000000000e+03 -9.999000000000000000e+03 -9.999000000000000000e+03 -9.999000000000000000e+03 -9.999000000000000000e+03 -9.999000000000000000e+03 -9.999000000000000000e+03 -9.999000000000000000e+03 -9.999000000000000000e+03 -9.999000000000000000e+03 -9.999000000000000000e+03 -9.999000000000000000e+03 -9.999000000000000000e+03
6.162004999999999733e+00 5.748419000000000167e+00 5.953551299999999991e+00 7.095187700000000319e+00 7.337069999999999759e+00 6.520146399999999787e+00 5.388027700000000308e+00 7.124748000000000303e+00 6.623000000000000220e+00 6.192350399999999588e+00 7.382938000000000223e+00 8.512722000000000122e+00 6.069130000000000358e+00 5.332430399999999793e+00 6.158382999999999718e+00 6.720289700000000366e+00 9.367732999999999421e+00 9.031938000000000244e+00 9.059226999999999919e+00 9.466748000000000829e+00 9.728543000000000163e+00 1.070805099999999932e+01 1.221082700000000010e+01 7.898675400000000124e+00 -9.999000000000000000e+03 -9.999000000000000000e+03 -9.999000000000000000e+03 -9.999000000000000000e+03 -9.999000000000000000e+03 -9.999000000000000000e+03 -9.999000000000000000e+03 -9.999000000000000000e+03 -9.999000000000000000e+03 -9.999000000000000000e+03 -9.999000000000000000e+03 -9.999000000000000000e+03 -9.999000000000000000e+03
6.347400999999999627e+00 5.545632999999999591e+00 5.531626000000000154e+00 6.211615000000000109e+00 6.410296999999999912e+00 7.182559499999999986e+00 6.419371599999999844e+00 5.661070999999999742e+00 7.941277999999999615e+00 8.570417000000000840e+00 8.251932000000000045e+00 5.689289600000000391e+00 5.015060400000000307e+00 5.478364000000000011e+00 5.695280000000000342e+00 6.775104500000000307e+00 6.294221000000000288e+00 5.776828300000000027e+00 5.827294000000000196e+00 6.740395499999999984e+00 8.576200999999999297e+00 1.020087299999999964e+01 1.200999900000000054e+01 1.308686400000000027e+01 6.906599499999999558e+00 -9.999000000000000000e+03 -9.999000000000000000e+03 -9.999000000000000000e+03 -9.999000000000000000e+03 -9.999000000000000000e+03 -9.999000000000000000e+03 -9.999000000000000000e+03 -9.999000000000000000e+03 -9.999000000000000000e+03 -9.999000000000000000e+03 -9.999000000000000000e+03 -9.999000000000000000e+03
5.754216000000000442e+00 6.493906499999999582e+00 6.707736500000000213e+00 7.097395999999999816e+00 6.224689500000000209e+00 6.475737999999999772e+00 7.556904300000000241e+00 7.706068499999999766e+00 9.863516000000000616e+00 5.971210499999999755e+00 6.012648600000000343e+00 5.451878999999999920e+00 5.723244700000000407e+00 5.039626000000000161e+00 5.529116000000000142e+00 6.298243000000000258e+00 5.878156999999999854e+00 5.806996999999999964e+00 5.893940399999999968e+00 6.588837999999999973e+00 6.820930500000000229e+00 7.616284000000000276e+00 8.797570000000000334e+00 7.638550300000000348e+00 1.284104699999999966e+01 7.087271000000000321e+00 -9.999000000000000000e+03 -9.999000000000000000e+03 -9.999000000000000000e+03 -9.999000000000000000e+03 -9.999000000000000000e+03 -9.999000000000000000e+03 -9.999000000000000000e+03 -9.999000000000000000e+03 -9.999000000000000000e+03 -9.999000000000000000e+03 -9.999000000000000000e+03
6.469851499999999866e+00 6.507190999999999725e+00 6.096856599999999737e+00 7.137344399999999922e+00 7.872328999999999688e+00 7.650203000000000308e+00 7.950510000000000410e+00 8.515079000000000065e+00 9.115888999999999243e+00 4.854324000000000083e+00 5.264116300000000415e+00 5.877716999999999636e+00 6.114514999999999922e+00 5.485692000000000235e+00 5.615128000000000341e+00 5.329537400000000424e+00 5.967645599999999995e+00 6.414671399999999579e+00 6.784247999999999834e+00 6.320197000000000287e+00 5.690109999999999779e+00 6.265164399999999745e+00 7.570763600000000260e+00 9.090678999999999732e+00 1.343545100000000048e+01 7.274839000000000055e+00 7.312628700000000315e+00 -9.999000000000000000e+03 -9.999000000000000000e+03 -9.999000000000000000e+03 -9.999000000000000000e+03 -9.999000000000000000e+03 -9.999000000000000000e+03 -9.999000000000000000e+03 -9.999000000000000000e+03 -9.999000000000000000e+03 -9.999000000000000000e+03
6.133188200000000201e+00 6.509557700000000224e+00 7.122086999999999612e+00 5.338180999999999621e+00 5.184619999999999784e+00 7.227195299999999989e+00 7.024780299999999755e+00 1.012326700000000024e+01 5.937973999999999641e+00 4.841461999999999932e+00 6.600296499999999789e+00 5.452626999999999668e+00 5.974822999999999773e+00 6.372706400000000215e+00 6.612158299999999933e+00 6.150829299999999833e+00 5.610612399999999944e+00 6.076031699999999702e+00 6.044781999999999655e+00 5.975282700000000169e+00 5.882673699999999783e+00 6.370779999999999887e+00 6.980644999999999989e+00 8.194238999999999606e+00 8.042377999999999361e+00 1.400127799999999922e+01 8.509430000000000049e+00 -9.999000000000000000e+03 -9.999000000000000000e+03 -9.999000000000000000e+03 -9.999000000000000000e+03 -9.999000000000000000e+03 -9.999000000000000000e+03 -9.999000000000000000e+03 -9.999000000000000000e+03 -9.999000000000000000e+03 -9.999000000000000000e+03
5.364447600000000094e+00 5.952721600000000279e+00 6.166235000000000355e+00 6.279133299999999807e+00 6.116373000000000282e+00 6.225497200000000397e+00 7.807919499999999680e+00 1.012592000000000070e+01 6.081727500000000397e+00 5.394078300000000326e+00 5.105079700000000109e+00 5.264488000000000056e+00 5.893645000000000245e+00 6.482707500000000067e+00 6.653517199999999576e+00 7.364683000000000312e+00 6.390946999999999711e+00 5.824836000000000347e+00 5.354920400000000136e+00 5.530045000000000321e+00 6.132539000000000406e+00 6.022179600000000299e+00 6.390546299999999569e+00 7.415325000000000166e+00 9.108249999999999957e+00 1.472300800000000010e+01 7.777992700000000426e+00 8.786630999999999858e+00 -9.999000000000000000e+03 -9.999000000000000000e+03 -9.999000000000000000e+03 -9.999000000000000000e+03 -9.999000000000000000e+03 -9.999000000000000000e+03 -9.999000000000000000e+03 -9.999000000000000000e+03 -9.999000000000000000e+03
5.311897799999999670e+00 5.617765399999999687e+00 5.524389000000000216e+00 5.750467000000000439e+00 5.052470999999999712e+00 5.304165000000000241e+00 6.258108000000000004e+00 9.823703999999999326e+00 8.688001999999999114e+00 5.298569699999999827e+00 5.200703599999999760e+00 5.033555500000000293e+00 5.622993499999999756e+00 6.908061499999999633e+00 7.523795599999999695e+00 7.906005000000000393e+00 6.820976700000000115e+00 5.731753999999999571e+00 5.559006700000000301e+00 5.498239500000000390e+00 5.575182400000000094e+00 5.109961000000000197e+00 5.617225999999999608e+00 6.407388700000000270e+00 7.695752599999999610e+00 8.719943999999999917e+00 1.310627000000000031e+01 7.459893700000000294e+00 7.390652000000000221e+00 -9.999000000000000000e+03 -9.999000000000000000e+03 -9.999000000000000000e+03 -9.999000000000000000e+03 -9.999000000000000000e+03 -9.999000000000000000e+03 -9.999000000000000000e+03 -9.999000000000000000e+03
5.488379000000000119e+00 5.706364999999999910e+00 5.079927999999999777e+00 5.787950999999999624e+00 5.090874699999999642e+00 5.226634999999999920e+00 6.157034000000000340e+00 8.758124999999999716e+00 1.010108950000000050e+01 5.888609999999999900e+00 6.109350000000000058e+00 5.517209499999999878e+00 5.401210999999999984e+00 6.763104399999999572e+00 8.611347999999999558e+00 5.907799200000000361e+00 5.516782300000000028e+00 6.331856300000000104e+00 6.227329700000000301e+00 5.735306999999999711e+00 5.670461999999999669e+00 5.633125299999999669e+00 5.208116999999999663e+00 5.479752500000000026e+00 6.660328999999999944e+00 7.936507999999999896e+00 7.198404299999999978e+00 1.257907400000000031e+01 6.938191999999999915e+00 7.106242700000000134e+00 -9.999000000000000000e+03 -9.999000000000000000e+03 -9.999000000000000000e+03 -9.999000000000000000e+03 -9.999000000000000000e+03 -9.999000000000000000e+03 -9.999000000000000000e+03
6.074665000000000425e+00 5.550567000000000029e+00 5.704137000000000235e+00 5.406152999999999764e+00 4.866858500000000198e+00 5.189129999999999576e+00 6.190023400000000287e+00 7.045620999999999690e+00 1.088902099999999962e+01 6.945363500000000023e+00 6.813254999999999839e+00 5.890747000000000178e+00 5.867664300000000388e+00 6.324510000000000076e+00 6.632118000000000180e+00 8.115565999999999391e+00 5.744454400000000405e+00 6.178725700000000209e+00 6.813803000000000054e+00 6.550848499999999852e+00 5.825572000000000195e+00 5.972725999999999758e+00 5.535218699999999714e+00 5.924566699999999742e+00 5.938118499999999855e+00 6.752347499999999947e+00 7.792103000000000002e+00 1.252282399999999996e+01 1.228970799999999919e+01 6.467152999999999707e+00 6.546463000000000143e+00 -9.999000000000000000e+03 -9.999000000000000000e+03 -9.999000000000000000e+03 -9.999000000000000000e+03 -9.999000000000000000e+03 -9.999000000000000000e+03
1.041798900000000039e+01 5.900788000000000366e+00 6.303707000000000171e+00 5.523272999999999655e+00 5.413154999999999717e+00 5.143887000000000320e+00 5.831714999999999982e+00 6.104174600000000339e+00 7.472668999999999784e+00 1.108050800000000002e+01 7.375315699999999808e+00 6.987404999999999866e+00 6.341129999999999711e+00 6.322493999999999836e+00 6.118794399999999634e+00 7.560412399999999700e+00 7.904358000000000217e+00 6.300163000000000402e+00 6.636594299999999613e+00 7.135053000000000090e+00 6.985964300000000016e+00 6.428344700000000245e+00 6.098247999999999891e+00 5.831438499999999969e+00 5.977002599999999610e+00 6.012016299999999980e+00 6.761593000000000409e+00 7.422489599999999577e+00 6.251784299999999739e+00 1.194864899999999963e+01 6.051331000000000238e+00 6.702249000000000123e+00 -9.999000000000000000e+03 -9.999000000000000000e+03 -9.999000000000000000e+03 -9.999000000000000000e+03 -9.999000000000000000e+03
1.029334899999999919e+01 8.644778999999999769e+00 6.813524700000000323e+00 6.110975299999999777e+00 5.424172999999999689e+00 5.830224499999999921e+00 6.261563299999999721e+00 6.342942999999999998e+00 6.397392700000000154e+00 7.455853000000000286e+00 1.045280999999999949e+01 7.939103000000000243e+00 7.203968999999999845e+00 6.455034999999999634e+00 6.593659399999999948e+00 7.683356999999999992e+00 6.522920599999999958e+00 7.785407499999999814e+00 6.768271399999999716e+00 7.053050500000000334e+00 7.688813699999999862e+00 7.075425599999999982e+00 6.464879999999999960e+00 6.863991999999999649e+00 6.019926500000000402e+00 5.939117999999999675e+00 6.212599799999999561e+00 7.023306999999999967e+00 8.094860000000000610e+00 1.205917400000000050e+01 6.105735300000000088e+00 6.958060699999999876e+00 -9.999000000000000000e+03 -9.999000000000000000e+03 -9.999000000000000000e+03 -9.999000000000000000e+03 -9.999000000000000000e+03
1.045323499999999939e+01 9.563418000000000418e+00 6.893388700000000036e+00 6.077474999999999739e+00 6.036206199999999633e+00 6.306663999999999604e+00 6.376235999999999571e+00 6.777321999999999846e+00 5.762038699999999736e+00 5.912658999999999665e+00 6.656530000000000058e+00 1.037035999999999980e+01 1.068886299999999956e+01 6.771864400000000117e+00 6.858854299999999959e+00 5.885157000000000416e+00 7.580942000000000291e+00 7.302316000000000251e+00 8.262057000000000428e+00 7.229105999999999810e+00 7.864652000000000420e+00 7.428695699999999569e+00 7.498065500000000050e+00 7.158073400000000142e+00 6.891022000000000425e+00 5.683958999999999762e+00 5.734227699999999928e+00 6.066424999999999734e+00 6.868176000000000059e+00 7.085847399999999574e+00 1.220250399999999935e+01 6.248248000000000246e+00 6.529633500000000090e+00 -9.999000000000000000e+03 -9.999000000000000000e+03 -9.999000000000000000e+03 -9.999000000000000000e+03
1.107689500000000038e+01 1.005182650000000066e+01 6.516657000000000366e+00 5.988260300000000314e+00 6.653064299999999598e+00 7.415118999999999794e+00 5.563462999999999603e+00 7.151315000000000310e+00 6.044849000000000139e+00 6.545808300000000024e+00 6.830527000000000015e+00 6.433152699999999946e+00 9.008770000000000167e+00 1.101284799999999997e+01 6.761706399999999562e+00 5.897680000000000256e+00 6.373251999999999917e+00 7.907205000000000261e+00 8.570712000000000330e+00 9.451643999999999934e+00 9.644393000000000882e+00 9.935142499999999544e+00 1.026966999999999963e+01 9.838449999999999918e+00 8.717715999999999354e+00 7.038044499999999815e+00 6.455578299999999992e+00 6.473247500000000265e+00 6.243820699999999668e+00 7.259158000000000222e+00 7.103918000000000177e+00 1.220655200000000029e+01 1.233489199999999997e+01 6.865020799999999923e+00 7.055976000000000248e+00 -9.999000000000000000e+03 -9.999000000000000000e+03
1.211377899999999919e+01 7.356153499999999568e+00 5.273021700000000145e+00 6.157735299999999690e+00 5.872952999999999868e+00 8.028088000000000335e+00 7.243344999999999700e+00 5.976919999999999789e+00 7.386005400000000165e+00 6.313793000000000433e+00 6.743495000000000239e+00 7.436196299999999759e+00 8.685793999999999571e+00 8.006472000000000477e+00 1.107831200000000038e+01 7.050017999999999674e+00 6.569372999999999685e+00 6.632521999999999807e+00 6.904516700000000284e+00 7.106792999999999694e+00 8.173548000000000258e+00 9.237574999999999648e+00 9.066701999999999373e+00 9.837709000000000259e+00 1.010438399999999959e+01 1.036473499999999959e+01 1.057861800000000052e+01 7.554761400000000293e+00 6.895306599999999619e+00 6.200673600000000008e+00 7.156762999999999764e+00 7.308476399999999984e+00 6.689588999999999785e+00 1.239366899999999916e+01 6.303978999999999999e+00 6.422405000000000364e+00 6.785818599999999812e+00
1.295900699999999972e+01 7.708535999999999611e+00 5.692400000000000126e+00 5.714572000000000429e+00 5.535927000000000042e+00 7.973269000000000162e+00 7.139782399999999640e+00 6.421254000000000239e+00 5.437212500000000226e+00 5.341009599999999580e+00 6.283871999999999680e+00 7.455243600000000193e+00 8.691808999999999230e+00 6.263162000000000340e+00 6.267566699999999713e+00 1.068030899999999939e+01 7.377849600000000230e+00 6.509182000000000023e+00 6.144152599999999964e+00 5.909080499999999958e+00 6.582232999999999556e+00 7.975910999999999973e+00 8.681075999999999127e+00 6.883407599999999960e+00 6.383751000000000175e+00 6.432388000000000439e+00 7.258601699999999823e+00 1.148961800000000011e+01 7.126886400000000066e+00 6.729241400000000262e+00 6.191543000000000241e+00 7.005969000000000335e+00 7.669656800000000274e+00 7.400847999999999871e+00 1.192921300000000073e+01 5.705017599999999689e+00 6.461803399999999975e+00
