data/C3/twi.dat
ncols         89
nrows         61
xllcorner     604704
yllcorner     7083008
cellsize      16
NODATA_value  -9999
[rows 0 to 16 of 61, columns 0 to 36 of 89]
-9.999000000000000000e+03 -9.999000000000000000e+03 -9.999000000000000000e+03 -9.999000000000000000e+03 -9.999000000000000000e+03 -9.999000000000000000e+03 -9.999000000000000000e+03 -9.999000000000000000e+03 -9.999000000000000000e+03 6.001673000000000258e+00 5.979791600000000429e+00 6.676066399999999845e+00 6.945435500000000317e+00 7.778226400000000318e+00 8.520974000000000714e+00 8.712325999999999127e+00 -9.999000000000000000e+03 -9.999000000000000000e+03 -9.999000000000000000e+03 -9.999000000000000000e+03 -9.999000000000000000e+03 -9.999000000000000000e+03 -9.999000000000000000e+03 -9.999000000000000000e+03 -9.999000000000000000e+03 -9.999000000000000000e+03 -9.999000000000000000e+03 -9.999000000000000000e+03 -9.999000000000000000e+03 -9.999000000000000000e+03 -9.999000000000000000e+03 -9.999000000000000000e+03 -9.999000000000000000e+03 -9.999000000000000000e+03 -9.999000000000000000e+03 -9.999000000000000000e+03 -9.999000000000000000e+03
-9.999000000000000000e+03 -9.999000000000000000e+03 -9.999000000000000000e+03 -9.999000000000000000e+03 -9.999000000000000000e+03 -9.999000000000000000e+03 -9.999000000000000000e+03 -9.999000000000000000e+03 7.312197000000000280e+00 6.192589800000000366e+00 5.445626700000000042e+00 5.840157500000000113e+00 6.081411400000000356e+00 6.665076700000000187e+00 6.774682499999999941e+00 7.292178599999999733e+00 7.907685299999999806e+00 -9.999000000000000000e+03 -9.999000000000000000e+03 -9.999000000000000000e+03 -9.999000000000000000e+03 -9.999000000000000000e+03 -9.999000000000000000e+03 -9.999000000000000000e+03 -9.999000000000000000e+03 -9.999000000000000000e+03 -9.999000000000000000e+03 -9.999000000000000000e+03 -9.999000000000000000e+03 -9.999000000000000000e+03 -9.999000000000000000e+03 -9.999000000000000000e+03 -9.999000000000000000e+03 -9.999000000000000000e+03 -9.999000000000000000e+03 -9.999000000000000000e+03 -9.999000000000000000e+03
-9.999000000000000000e+03 -9.999000000000000000e+03 -9.999000000000000000e+03 -9.999000000000000000e+03 -9.999000000000000000e+03 -9.999000000000000000e+03 -9.999000000000000000e+03 -9.999000000000000000e+03 5.648313500000000431e+00 6.983850000000000335e+00 7.141536699999999627e+00 5.830362299999999998e+00 5.382353000000000165e+00 5.673778500000000058e+00 6.967549299999999945e+00 6.723161700000000351e+00 6.023609600000000341e+00 -9.999000000000000000e+03 -9.999000000000000000e+03 -9.999000000000000000e+03 -9.999000000000000000e+03 -9.999000000000000000e+03 -9.999000000000000000e+03 -9.999000000000000000e+03 -9.999000000000000000e+03 -9.999000000000000000e+03 -9.999000000000000000e+03 -9.999000000000000000e+03 -9.999000000000000000e+03 -9.999000000000000000e+03 -9.999000000000000000e+03 -9.999000000000000000e+03 -9.999000000000000000e+03 -9.999000000000000000e+03 -9.999000000000000000e+03 -9.999000000000000000e+03 -9.999000000000000000e+03
-9.999000000000000000e+03 -9.999000000000000000e+03 -9.999000000000000000e+03 -9.999000000000000000e+03 -9.999000000000000000e+03 -9.999000000000000000e+03 -9.999000000000000000e+03 -9.999000000000000000e+03 5.326454599999999928e+00 4.795432599999999823e+00 6.622917000000000165e+00 8.704603999999999786e+00 6.139198300000000330e+00 5.941531699999999638e+00 6.653366600000000020e+00 7.318789500000000281e+00 6.597785499999999637e+00 6.121989700000000312e+00 -9.999000000000000000e+03 -9.999000000000000000e+03 -9.999000000000000000e+03 -9.999000000000000000e+03 -9.999000000000000000e+03 -9.999000000000000000e+03 -9.999000000000000000e+03 -9.999000000000000000e+03 -9.999000000000000000e+03 -9.999000000000000000e+03 -9.999000000000000000e+03 -9.999000000000000000e+03 -9.999000000000000000e+03 -9.999000000000000000e+03 -9.999000000000000000e+03 -9.999000000000000000e+03 -9.999000000000000000e+03 -9.999000000000000000e+03 -9.999000000000000000e+03
-9.999000000000000000e+03 -9.999000000000000000e+03 -9.999000000000000000e+03 -9.999000000000000000e+03 -9.999000000000000000e+03 -9.999000000000000000e+03 -9.999000000000000000e+03 -9.999000000000000000e+03 6.329045299999999763e+00 5.253942499999999960e+00 5.907150999999999819e+00 6.509024000000000143e+00 9.480805000000000149e+00 6.641567000000000220e+00 5.767567999999999806e+00 7.016649000000000136e+00 8.435494000000000270e+00 6.822736700000000098e+00 6.475267999999999802e+00 -9.999000000000000000e+03 -9.999000000000000000e+03 -9.999000000000000000e+03 -9.999000000000000000e+03 -9.999000000000000000e+03 -9.999000000000000000e+03 -9.999000000000000000e+03 -9.999000000000000000e+03 -9.999000000000000000e+03 -9.999000000000000000e+03 -9.999000000000000000e+03 -9.999000000000000000e+03 -9.999000000000000000e+03 -9.999000000000000000e+03 -9.999000000000000000e+03 -9.999000000000000000e+03 -9.999000000000000000e+03 -9.999000000000000000e+03
-9.999000000000000000e+03 -9.999000000000000000e+03 -9.999000000000000000e+03 -9.999000000000000000e+03 -9.999000000000000000e+03 -9.999000000000000000e+03 -9.999000000000000000e+03 -9.999000000000000000e+03 -9.999000000000000000e+03 6.927057300000000417e+00 5.468588399999999794e+00 5.572226999999999819e+00 6.259387499999999882e+00 9.201862999999999460e+00 6.295447000000000237e+00 6.383257000000000403e+00 9.612764999999999560e+00 6.320990600000000015e+00 6.270772499999999638e+00 6.344151499999999722e+00 7.112799599999999778e+00 -9.999000000000000000e+03 -9.999000000000000000e+03 -9.999000000000000000e+03 -9.999000000000000000e+03 -9.999000000000000000e+03 -9.999000000000000000e+03 -9.999000000000000000e+03 -9.999000000000000000e+03 -9.999000000000000000e+03 -9.999000000000000000e+03 -9.999000000000000000e+03 -9.999000000000000000e+03 -9.999000000000000000e+03 -9.999000000000000000e+03 -9.999000000000000000e+03 8.283716999999999331e+00
-9.999000000000000000e+03 -9.999000000000000000e+03 -9.999000000000000000e+03 -9.999000000000000000e+03 -9.999000000000000000e+03 -9.999000000000000000e+03 -9.999000000000000000e+03 -9.999000000000000000e+03 -9.999000000000000000e+03 -9.999000000000000000e+03 7.388672399999999918e+00 5.391968300000000269e+00 5.494520999999999766e+00 6.165238999999999692e+00 9.335274999999999324e+00 1.050931300000000057e+01 9.859408000000000172e+00 5.999185599999999674e+00 6.139234499999999706e+00 6.195775499999999880e+00 7.540072399999999675e+00 6.613182000000000116e+00 6.035276399999999875e+00 -9.999000000000000000e+03 -9.999000000000000000e+03 -9.999000000000000000e+03 -9.999000000000000000e+03 -9.999000000000000000e+03 -9.999000000000000000e+03 -9.999000000000000000e+03 -9.999000000000000000e+03 -9.999000000000000000e+03 -9.999000000000000000e+03 -9.999000000000000000e+03 -9.999000000000000000e+03 7.550348999999999755e+00 6.434077000000000268e+00
-9.999000000000000000e+03 -9.999000000000000000e+03 -9.999000000000000000e+03 -9.999000000000000000e+03 -9.999000000000000000e+03 -9.999000000000000000e+03 -9.999000000000000000e+03 -9.999000000000000000e+03 -9.999000000000000000e+03 -9.999000000000000000e+03 6.202251000000000403e+00 6.840989999999999682e+00 5.139139000000000124e+00 5.601399999999999935e+00 6.317641000000000062e+00 1.095776500000000020e+01 6.525520000000000209e+00 7.735625299999999704e+00 7.104403500000000093e+00 6.693354000000000248e+00 6.833346399999999932e+00 8.313409000000000049e+00 6.239936000000000149e+00 5.974227400000000188e+00 6.349107000000000056e+00 -9.999000000000000000e+03 -9.999000000000000000e+03 -9.999000000000000000e+03 -9.999000000000000000e+03 -9.999000000000000000e+03 -9.999000000000000000e+03 -9.999000000000000000e+03 -9.999000000000000000e+03 7.231801500000000438e+00 7.886388000000000176e+00 6.428651300000000290e+00 6.412923300000000104e+00
-9.999000000000000000e+03 -9.999000000000000000e+03 -9.999000000000000000e+03 -9.999000000000000000e+03 -9.999000000000000000e+03 -9.999000000000000000e+03 -9.999000000000000000e+03 -9.999000000000000000e+03 -9.999000000000000000e+03 -9.999000000000000000e+03 6.489838999999999913e+00 5.599442999999999948e+00 5.831190999999999569e+00 5.068158000000000385e+00 5.732988999999999891e+00 1.023802599999999963e+01 6.670349599999999768e+00 6.690092599999999834e+00 7.008003699999999725e+00 8.367336999999999136e+00 7.026111600000000124e+00 9.960627000000000564e+00 9.868959999999999511e+00 9.068915999999999755e+00 6.060447700000000104e+00 6.792190999999999867e+00 -9.999000000000000000e+03 -9.999000000000000000e+03 -9.999000000000000000e+03 -9.999000000000000000e+03 -9.999000000000000000e+03 -9.999000000000000000e+03 6.782529000000000252e+00 7.668154200000000031e+00 6.747416499999999928e+00 6.667363599999999835e+00 6.128969999999999807e+00
-9.999000000000000000e+03 -9.999000000000000000e+03 -9.999000000000000000e+03 -9.999000000000000000e+03 -9.999000000000000000e+03 -9.999000000000000000e+03 -9.999000000000000000e+03 -9.999000000000000000e+03 -9.999000000000000000e+03 -9.999000000000000000e+03 6.938000999999999863e+00 5.631077999999999584e+00 5.578763999999999612e+00 5.706928999999999697e+00 5.280028299999999675e+00 6.256231999999999793e+00 1.101919000000000004e+01 6.656463600000000369e+00 5.850430499999999867e+00 6.766714000000000340e+00 6.330222599999999922e+00 7.913228000000000151e+00 7.169052999999999898e+00 6.331572500000000048e+00 8.970005999999999702e+00 8.939196000000000808e+00 7.312197000000000280e+00 -9.999000000000000000e+03 -9.999000000000000000e+03 -9.999000000000000000e+03 6.406267999999999851e+00 6.487194999999999823e+00 6.230574599999999741e+00 6.912029999999999674e+00 5.995146000000000086e+00 6.763818299999999617e+00 7.528652000000000122e+00
-9.999000000000000000e+03 -9.999000000000000000e+03 -9.999000000000000000e+03 -9.999000000000000000e+03 -9.999000000000000000e+03 -9.999000000000000000e+03 -9.999000000000000000e+03 -9.999000000000000000e+03 -9.999000000000000000e+03 -9.999000000000000000e+03 7.616361000000000381e+00 6.591567000000000398e+00 5.855253699999999561e+00 5.562067500000000386e+00 5.538525599999999827e+00 5.577988600000000297e+00 6.826200499999999671e+00 1.087068599999999918e+01 6.611202200000000140e+00 5.534173499999999635e+00 6.351661000000000001e+00 7.187184300000000192e+00 7.188140399999999985e+00 6.042807999999999957e+00 6.240972000000000186e+00 8.352532000000000068e+00 1.089439699999999966e+01 7.609009699999999654e+00 6.888418999999999848e+00 8.466302999999999912e+00 6.231405299999999592e+00 5.723912200000000006e+00 5.943296000000000134e+00 6.142417400000000249e+00 6.197628500000000429e+00 5.796899299999999755e+00 6.769519299999999795e+00
-9.999000000000000000e+03 -9.999000000000000000e+03 -9.999000000000000000e+03 -9.999000000000000000e+03 -9.999000000000000000e+03 -9.999000000000000000e+03 -9.999000000000000000e+03 -9.999000000000000000e+03 -9.999000000000000000e+03 -9.999000000000000000e+03 7.306968000000000352e+00 5.651655700000000060e+00 7.190724999999999589e+00 5.954757999999999996e+00 5.719534000000000340e+00 5.661685499999999927e+00 5.609814599999999984e+00 6.668782000000000210e+00 1.078718300000000063e+01 6.230427299999999669e+00 5.311918300000000315e+00 5.439062599999999748e+00 6.043834699999999671e+00 6.510187600000000074e+00 5.928830600000000395e+00 6.600664000000000087e+00 9.094962999999999909e+00 5.939772600000000402e+00 6.446801699999999968e+00 7.244799600000000339e+00 6.782980399999999577e+00 7.322569999999999801e+00 6.065902000000000349e+00 6.182272399999999557e+00 5.678616500000000400e+00 6.320565000000000211e+00 6.216358999999999746e+00
-9.999000000000000000e+03 -9.999000000000000000e+03 -9.999000000000000000e+03 -9.999000000000000000e+03 -9.999000000000000000e+03 -9.999000000000000000e+03 -9.999000000000000000e+03 -9.999000000000000000e+03 -9.999000000000000000e+03 6.479923699999999620e+00 6.895029000000000075e+00 5.577282000000000295e+00 7.105400000000000382e+00 7.067906400000000033e+00 5.758039000000000129e+00 5.588908700000000174e+00 5.729179399999999589e+00 5.852269999999999861e+00 6.925157500000000077e+00 1.036106999999999978e+01 6.196826999999999863e+00 6.174413699999999672e+00 5.288065399999999805e+00 6.655792700000000117e+00 6.169389200000000351e+00 6.057338699999999854e+00 6.723988499999999924e+00 5.742788000000000004e+00 5.916406600000000182e+00 6.469390399999999985e+00 8.332473000000000241e+00 7.748651999999999873e+00 8.068488000000000326e+00 6.379868000000000094e+00 6.672806300000000412e+00 6.069857999999999976e+00 5.686501500000000320e+00
-9.999000000000000000e+03 -9.999000000000000000e+03 -9.999000000000000000e+03 -9.999000000000000000e+03 -9.999000000000000000e+03 -9.999000000000000000e+03 -9.999000000000000000e+03 7.025934999999999597e+00 6.741678000000000281e+00 6.901145999999999781e+00 6.823502999999999652e+00 6.581337000000000437e+00 6.499483999999999817e+00 7.159539999999999793e+00 6.275273300000000276e+00 5.963735999999999926e+00 5.451149000000000022e+00 5.627145999999999759e+00 5.767954999999999721e+00 7.028919700000000326e+00 1.074991999999999948e+01 7.320933000000000135e+00 6.529105699999999679e+00 6.023979699999999937e+00 6.321260999999999797e+00 5.875731499999999663e+00 6.983866700000000094e+00 7.116327000000000069e+00 6.303364799999999768e+00 7.702496499999999635e+00 6.646970999999999741e+00 7.088054699999999819e+00 7.463143299999999591e+00 6.782563699999999862e+00 6.481840000000000046e+00 5.789434400000000203e+00 6.114947299999999863e+00
-9.999000000000000000e+03 -9.999000000000000000e+03 -9.999000000000000000e+03 -9.999000000000000000e+03 -9.999000000000000000e+03 -9.999000000000000000e+03 5.748547600000000202e+00 6.395026999999999795e+00 7.752638300000000093e+00 8.648163999999999518e+00 7.505717299999999703e+00 6.955322699999999969e+00 6.676853999999999623e+00 7.435351400000000055e+00 6.069042999999999743e+00 6.572226999999999819e+00 6.594862000000000002e+00 6.589020299999999608e+00 6.202227599999999619e+00 6.146035000000000359e+00 6.916161999999999921e+00 1.106581800000000015e+01 7.946742500000000042e+00 6.520964600000000111e+00 5.853359000000000201e+00 5.421626999999999974e+00 7.218760999999999761e+00 7.647641000000000133e+00 6.498430299999999882e+00 7.189547499999999758e+00 6.651023399999999697e+00 5.927309000000000161e+00 6.275394999999999612e+00 6.961104999999999876e+00 6.565380600000000122e+00 6.303950300000000340e+00 6.475477699999999892e+00
-9.999000000000000000e+03 -9.999000000000000000e+03 -9.999000000000000000e+03 -9.999000000000000000e+03 -9.999000000000000000e+03 5.695933000000000135e+00 5.556993000000000293e+00 5.788934000000000246e+00 6.911601000000000106e+00 6.671126000000000111e+00 9.454420000000000712e+00 7.547755999999999688e+00 7.248463600000000007e+00 7.973131699999999711e+00 6.523426500000000239e+00 6.166389500000000190e+00 6.542793299999999590e+00 8.553276999999999575e+00 7.189372500000000166e+00 6.959602000000000288e+00 6.113328499999999721e+00 6.662641999999999953e+00 1.098357999999999990e+01 1.112105999999999995e+01 6.681189999999999962e+00 6.027096300000000184e+00 7.317672700000000141e+00 7.077545999999999893e+00 6.753416999999999781e+00 7.563629599999999620e+00 6.912041000000000324e+00 6.384492400000000067e+00 5.830234500000000430e+00 6.680290000000000283e+00 7.046478699999999762e+00 6.357732000000000383e+00 6.513385000000000424e+00
-9.999000000000000000e+03 -9.999000000000000000e+03 -9.999000000000000000e+03 -9.999000000000000000e+03 6.271276000000000295e+00 5.748547000000000295e+00 5.946871299999999749e+00 5.739545999999999815e+00 5.477280999999999622e+00 6.170463999999999949e+00 6.631432499999999841e+00 9.292438000000000642e+00 8.129115999999999786e+00 8.368698000000000192e+00 5.688813999999999815e+00 5.311813400000000129e+00 6.146653699999999887e+00 6.633905000000000385e+00 9.146843999999999753e+00 6.678246999999999822e+00 6.714192999999999856e+00 6.310443000000000247e+00 5.947077799999999748e+00 6.147130500000000275e+00 1.075736599999999932e+01 1.056078300000000070e+01 7.701572399999999874e+00 7.402017999999999986e+00 7.459318999999999811e+00 7.653500600000000098e+00 7.832948000000000022e+00 7.336871600000000271e+00 6.851244000000000334e+00 7.199328999999999645e+00 6.301951999999999998e+00 6.710747699999999760e+00 6.364881500000000081e+00
