data/C3/twi.dat
ncols         89
nrows         61
xllcorner     604704
yllcorner     7083008
cellsize      16
NODATA_value  -9999
[rows 17 to 33 of 61, columns 0 to 36 of 89]
-9.999000000000000000e+03 -9.999000000000000000e+03 1.156416800000000045e+01 7.238076000000000398e+00 7.023789400000000072e+00 6.284484400000000193e+00 6.079231000000000051e+00 5.927536500000000430e+00 5.751196400000000430e+00 5.360572999999999588e+00 6.009619999999999962e+00 6.344598999999999656e+00 9.341561999999999699e+00 9.721277000000000612e+00 6.404706499999999636e+00 5.628599600000000258e+00 4.978728300000000218e+00 6.077384499999999967e+00 5.765164399999999745e+00 8.232621999999999218e+00 6.155564000000000036e+00 6.290338499999999833e+00 6.100215399999999732e+00 5.812944400000000122e+00 5.888818699999999851e+00 8.487401999999999447e+00 1.122276300000000049e+01 8.698855000000000004e+00 6.832554000000000016e+00 5.393563699999999628e+00 6.291470999999999592e+00 6.691161600000000043e+00 9.033699999999999619e+00 9.306661999999999324e+00 7.058502700000000019e+00 6.940730600000000194e+00 6.854988999999999777e+00
-9.999000000000000000e+03 -9.999000000000000000e+03 8.492684000000000566e+00 1.105472699999999975e+01 9.010764999999999247e+00 8.388802000000000092e+00 7.133830500000000185e+00 7.092445399999999900e+00 6.304478999999999722e+00 5.783666600000000102e+00 5.970391799999999805e+00 6.259688399999999930e+00 6.133080999999999783e+00 8.367884999999999351e+00 9.850942999999999117e+00 6.501738999999999713e+00 5.995233500000000326e+00 5.575932500000000402e+00 5.488921999999999635e+00 7.946151699999999707e+00 6.460201999999999778e+00 6.177180299999999846e+00 5.960666999999999938e+00 6.771982699999999689e+00 7.079508999999999830e+00 6.572538999999999909e+00 6.957810399999999618e+00 1.244001300000000043e+01 5.936996999999999858e+00 5.565885999999999889e+00 5.297346600000000016e+00 5.680968000000000018e+00 7.015373000000000303e+00 7.366374500000000047e+00 9.441128000000000853e+00 7.203480700000000070e+00 7.032152700000000145e+00
-9.999000000000000000e+03 5.710314999999999586e+00 6.901169999999999582e+00 6.248958000000000013e+00 7.626476300000000208e+00 9.419553999999999760e+00 1.010160100000000050e+01 8.499250999999999223e+00 6.162824600000000430e+00 6.273683000000000121e+00 5.513564599999999594e+00 5.828418300000000052e+00 6.602238700000000016e+00 6.012200400000000222e+00 7.563711999999999769e+00 1.005452000000000012e+01 7.177345800000000331e+00 6.156857999999999720e+00 7.511705000000000076e+00 6.556299000000000099e+00 6.426252999999999993e+00 5.368852000000000402e+00 5.396386599999999589e+00 6.400873699999999999e+00 7.054882000000000097e+00 6.130064499999999583e+00 5.995813400000000293e+00 6.818923500000000359e+00 1.171657699999999913e+01 6.592297000000000295e+00 5.936372300000000379e+00 5.925917000000000101e+00 5.478543300000000116e+00 5.944525200000000176e+00 9.024260500000000462e+00 6.598470999999999975e+00 7.494295600000000057e+00
5.245362000000000080e+00 5.222747000000000028e+00 5.242180000000000284e+00 6.400994299999999804e+00 8.168476000000000070e+00 9.489940999999999960e+00 9.425499000000000294e+00 1.025334199999999996e+01 7.119811000000000334e+00 5.845244400000000340e+00 5.600592599999999699e+00 5.815119700000000336e+00 6.828372500000000400e+00 5.842004000000000197e+00 5.920010600000000345e+00 7.340576999999999686e+00 1.021057500000000040e+01 7.512521699999999747e+00 7.577336999999999989e+00 6.299439999999999706e+00 6.322114000000000011e+00 5.672048000000000201e+00 5.698969400000000185e+00 6.480767300000000120e+00 5.694791000000000381e+00 6.324725599999999837e+00 5.897602599999999917e+00 6.016263499999999986e+00 6.081239700000000248e+00 1.123864400000000074e+01 6.858484999999999943e+00 5.898782699999999934e+00 5.958215000000000039e+00 5.365678299999999901e+00 5.522928699999999580e+00 8.744464999999999932e+00 7.686581999999999582e+00
5.941000500000000351e+00 5.178160700000000283e+00 5.338237000000000343e+00 5.340323399999999943e+00 6.277807700000000324e+00 6.285355599999999932e+00 9.288059999999999761e+00 1.097404399999999924e+01 1.055013600000000018e+01 6.824973599999999863e+00 6.628318300000000107e+00 6.979939500000000407e+00 5.931242499999999751e+00 6.306491000000000291e+00 6.202276999999999596e+00 6.596940000000000026e+00 7.679923500000000125e+00 1.029756000000000071e+01 9.750977499999999409e+00 6.861048000000000258e+00 6.541517999999999944e+00 6.466885000000000439e+00 6.113711399999999685e+00 6.459264000000000117e+00 5.593946500000000377e+00 5.382984999999999687e+00 5.405094599999999971e+00 6.078807000000000293e+00 6.349986600000000259e+00 1.094921899999999937e+01 7.785761400000000165e+00 6.021456200000000258e+00 5.777377000000000429e+00 5.720019299999999696e+00 5.430174400000000290e+00 7.290369499999999725e+00 8.596087000000000700e+00
-9.999000000000000000e+03 6.075245400000000018e+00 5.350597399999999837e+00 5.575647400000000253e+00 5.475608300000000206e+00 6.255914999999999893e+00 7.197286000000000072e+00 7.970648299999999686e+00 1.011431999999999931e+01 1.178924100000000053e+01 1.060857099999999953e+01 6.986016000000000226e+00 5.738479599999999792e+00 5.903069000000000344e+00 6.941431500000000199e+00 7.623542300000000438e+00 6.638170699999999869e+00 6.026156000000000290e+00 9.084652000000000172e+00 1.037321299999999979e+01 7.431355499999999559e+00 6.710069700000000026e+00 6.634465699999999799e+00 6.549519499999999717e+00 5.951457000000000441e+00 5.278840999999999894e+00 5.475480000000000125e+00 5.966750600000000126e+00 6.676453600000000321e+00 6.200789999999999580e+00 1.072536900000000060e+01 7.221264399999999917e+00 6.074690300000000320e+00 5.875669000000000253e+00 6.748486999999999902e+00 6.396854399999999607e+00 8.649523999999999546e+00
-9.999000000000000000e+03 -9.999000000000000000e+03 6.327538999999999803e+00 5.648082699999999789e+00 5.784515999999999991e+00 5.755720600000000076e+00 5.497991599999999757e+00 6.287913299999999595e+00 7.277323700000000173e+00 8.310634000000000299e+00 1.093379999999999974e+01 1.080937400000000004e+01 6.861775399999999969e+00 6.751566999999999652e+00 7.382887000000000199e+00 6.922673699999999819e+00 7.767017000000000060e+00 7.260918600000000112e+00 5.850087000000000259e+00 7.075197700000000367e+00 1.040686900000000037e+01 7.489524399999999638e+00 6.841209000000000096e+00 6.487819000000000003e+00 6.420082999999999984e+00 5.649487500000000217e+00 6.104005299999999856e+00 6.571221399999999768e+00 7.400716000000000072e+00 6.764721399999999996e+00 7.892477000000000409e+00 1.115033599999999936e+01 7.476511499999999977e+00 6.786860500000000407e+00 7.240113000000000021e+00 8.317940000000000111e+00 6.234459400000000429e+00
-9.999000000000000000e+03 -9.999000000000000000e+03 -9.999000000000000000e+03 6.721649600000000113e+00 5.798667400000000249e+00 5.613533999999999580e+00 5.641413700000000198e+00 5.488229300000000421e+00 5.965688700000000289e+00 7.200226999999999933e+00 8.780601000000000766e+00 1.048791699999999949e+01 1.111173100000000069e+01 6.887209999999999610e+00 6.460430999999999813e+00 7.863807000000000436e+00 8.185304999999999609e+00 8.657590000000000785e+00 8.806266000000000815e+00 8.197566999999999382e+00 8.477107000000000170e+00 1.082183900000000065e+01 8.837080000000000268e+00 7.043453699999999706e+00 6.573660399999999626e+00 6.394796399999999714e+00 7.370497000000000298e+00 7.277879999999999683e+00 6.451233000000000217e+00 6.033219299999999841e+00 6.916363200000000155e+00 6.781549499999999675e+00 1.149185600000000029e+01 1.163274900000000045e+01 9.124537999999999371e+00 7.757781999999999734e+00 5.705693000000000126e+00
-9.999000000000000000e+03 -9.999000000000000000e+03 -9.999000000000000000e+03 -9.999000000000000000e+03 -9.999000000000000000e+03 6.134898699999999927e+00 6.185520600000000258e+00 5.864141000000000048e+00 5.812537999999999982e+00 6.826401699999999906e+00 7.680258000000000251e+00 7.967455400000000409e+00 1.176578400000000002e+01 6.167217700000000136e+00 8.196911999999999310e+00 6.053055999999999770e+00 6.536078500000000346e+00 7.034903500000000420e+00 7.286040999999999990e+00 8.260956999999999439e+00 8.174421000000000603e+00 8.219751999999999725e+00 1.105821800000000010e+01 1.127862299999999962e+01 7.833101700000000278e+00 7.862265999999999977e+00 7.021984599999999688e+00 5.557858000000000409e+00 5.915420499999999748e+00 6.415962699999999685e+00 6.890948999999999991e+00 6.111835000000000129e+00 6.859406500000000406e+00 5.964094600000000135e+00 1.217979799999999990e+01 8.280075999999999325e+00 5.605932000000000137e+00
-9.999000000000000000e+03 -9.999000000000000000e+03 -9.999000000000000000e+03 -9.999000000000000000e+03 -9.999000000000000000e+03 -9.999000000000000000e+03 5.906563300000000183e+00 5.623312999999999562e+00 5.818312599999999613e+00 6.053320399999999601e+00 6.941991999999999940e+00 8.106396999999999409e+00 9.817923000000000400e+00 1.106015499999999996e+01 6.165378999999999721e+00 6.487991000000000064e+00 6.451790299999999867e+00 6.034988000000000241e+00 6.398963499999999804e+00 6.935827999999999882e+00 7.315804499999999599e+00 7.496442300000000003e+00 6.846840399999999605e+00 8.368004000000000886e+00 1.184698799999999963e+01 7.018720000000000070e+00 5.653885400000000061e+00 5.259911999999999921e+00 5.608892400000000222e+00 6.543251500000000220e+00 6.849298499999999734e+00 6.444905799999999907e+00 5.185743000000000436e+00 5.677609399999999695e+00 5.893250499999999725e+00 1.135034800000000033e+01 6.226817600000000397e+00
-9.999000000000000000e+03 -9.999000000000000000e+03 -9.999000000000000000e+03 -9.999000000000000000e+03 -9.999000000000000000e+03 -9.999000000000000000e+03 -9.999000000000000000e+03 6.644416999999999796e+00 7.154824999999999768e+00 5.290592700000000370e+00 6.133665999999999840e+00 7.293321599999999627e+00 7.618323300000000131e+00 8.638958999999999833e+00 1.132726300000000030e+01 6.543542399999999759e+00 5.758352000000000359e+00 5.762936599999999743e+00 5.648216999999999821e+00 6.275053500000000284e+00 7.045933999999999919e+00 7.275413499999999978e+00 7.621687999999999796e+00 7.639103999999999672e+00 9.019106999999999985e+00 1.132314700000000052e+01 6.227039300000000388e+00 5.529351000000000127e+00 5.162946999999999953e+00 5.634407000000000387e+00 6.552319999999999922e+00 7.064010999999999818e+00 5.504990000000000272e+00 5.054052999999999685e+00 4.867171299999999867e+00 5.228062600000000337e+00 1.068288699999999913e+01
-9.999000000000000000e+03 -9.999000000000000000e+03 -9.999000000000000000e+03 -9.999000000000000000e+03 -9.999000000000000000e+03 -9.999000000000000000e+03 -9.999000000000000000e+03 7.396476299999999782e+00 6.034774299999999592e+00 6.339673999999999587e+00 5.036179999999999879e+00 5.692185000000000272e+00 5.551719000000000293e+00 5.788362000000000229e+00 6.932744500000000087e+00 1.131072999999999951e+01 1.124746599999999930e+01 6.300000700000000009e+00 5.923492999999999675e+00 6.005849000000000437e+00 6.494332299999999947e+00 6.585203599999999824e+00 6.360408299999999571e+00 6.195631999999999806e+00 6.761668000000000234e+00 8.154118999999999673e+00 1.118765100000000068e+01 8.661913000000000196e+00 5.885461300000000229e+00 5.585881699999999839e+00 6.325973499999999916e+00 6.610640000000000072e+00 7.084588499999999733e+00 5.802852999999999817e+00 5.312916000000000416e+00 5.155069000000000123e+00 4.818134999999999835e+00
-9.999000000000000000e+03 -9.999000000000000000e+03 -9.999000000000000000e+03 -9.999000000000000000e+03 -9.999000000000000000e+03 -9.999000000000000000e+03 -9.999000000000000000e+03 -9.999000000000000000e+03 7.413879999999999804e+00 5.704667599999999617e+00 7.630645300000000297e+00 5.648546999999999763e+00 5.139632999999999896e+00 4.909614999999999618e+00 5.347460299999999833e+00 6.332350299999999876e+00 5.782424999999999926e+00 1.011154299999999928e+01 1.067269399999999990e+01 1.095181750000000065e+01 6.269980999999999582e+00 6.189506500000000244e+00 6.437564000000000064e+00 6.489371300000000176e+00 6.621367499999999851e+00 6.561811999999999756e+00 6.693558000000000341e+00 1.108537899999999965e+01 1.105876349999999952e+01 6.505326300000000117e+00 6.478541400000000117e+00 6.853662500000000435e+00 6.956218200000000351e+00 7.114187000000000261e+00 6.287186600000000070e+00 5.546414399999999745e+00 5.213187699999999758e+00
-9.999000000000000000e+03 -9.999000000000000000e+03 -9.999000000000000000e+03 -9.999000000000000000e+03 -9.999000000000000000e+03 -9.999000000000000000e+03 -9.999000000000000000e+03 -9.999000000000000000e+03 -9.999000000000000000e+03 5.984174300000000279e+00 5.824651700000000432e+00 5.809395000000000309e+00 5.958294000000000423e+00 5.498851300000000109e+00 6.044431699999999630e+00 5.531458999999999904e+00 4.899214299999999689e+00 5.176612399999999781e+00 6.047695000000000043e+00 8.906838999999999729e+00 1.085844299999999940e+01 6.366756399999999871e+00 6.221191000000000138e+00 6.554872500000000102e+00 5.903584999999999638e+00 6.606910000000000061e+00 6.329561700000000180e+00 7.480857399999999657e+00 8.759999999999999787e+00 1.123975100000000005e+01 9.847205000000000652e+00 7.108308000000000071e+00 7.130333000000000254e+00 7.342715300000000056e+00 7.507955599999999841e+00 6.464658700000000202e+00 6.051859399999999667e+00
-9.999000000000000000e+03 -9.999000000000000000e+03 -9.999000000000000000e+03 -9.999000000000000000e+03 -9.999000000000000000e+03 -9.999000000000000000e+03 -9.999000000000000000e+03 -9.999000000000000000e+03 -9.999000000000000000e+03 -9.999000000000000000e+03 6.955695600000000312e+00 6.098403499999999866e+00 5.721087500000000325e+00 5.695763600000000260e+00 6.179877799999999866e+00 6.287956999999999574e+00 5.583297299999999908e+00 5.108510500000000398e+00 4.341478300000000345e+00 5.102437000000000111e+00 5.936003000000000362e+00 1.054822700000000069e+01 1.051777900000000088e+01 9.879251500000000519e+00 8.028567000000000675e+00 7.310153500000000193e+00 7.659159700000000015e+00 7.137428800000000351e+00 5.466365299999999650e+00 6.133255499999999749e+00 1.085154999999999959e+01 1.126169600000000059e+01 1.093331099999999978e+01 1.026287899999999986e+01 9.555783999999999168e+00 7.901368999999999865e+00 7.356290000000000440e+00
-9.999000000000000000e+03 -9.999000000000000000e+03 -9.999000000000000000e+03 -9.999000000000000000e+03 -9.999000000000000000e+03 -9.999000000000000000e+03 -9.999000000000000000e+03 -9.999000000000000000e+03 -9.999000000000000000e+03 -9.999000000000000000e+03 -9.999000000000000000e+03 -9.999000000000000000e+03 6.901754999999999640e+00 6.850787600000000310e+00 7.146043999999999841e+00 7.120313000000000336e+00 5.982705600000000068e+00 5.698844000000000243e+00 5.536851999999999663e+00 4.491378000000000092e+00 5.057106499999999727e+00 6.026765000000000150e+00 9.502048999999999523e+00 1.047305199999999914e+01 1.104056100000000029e+01 1.122129200000000004e+01 1.174493499999999990e+01 7.812585399999999680e+00 5.940151700000000368e+00 6.103672999999999682e+00 6.539530799999999644e+00 1.029462200000000038e+01 1.120489300000000021e+01 1.190764800000000001e+01 1.241144199999999920e+01 1.256962299999999999e+01 1.182923199999999930e+01
-9.999000000000000000e+03 -9.999000000000000000e+03 -9.999000000000000000e+03 -9.999000000000000000e+03 -9.999000000000000000e+03 -9.999000000000000000e+03 -9.999000000000000000e+03 -9.999000000000000000e+03 -9.999000000000000000e+03 -9.999000000000000000e+03 -9.999000000000000000e+03 -9.999000000000000000e+03 -9.999000000000000000e+03 9.652451499999999740e+00 8.598724000000000700e+00 7.933989500000000028e+00 7.062027999999999750e+00 6.234995399999999854e+00 7.296669500000000141e+00 5.311855300000000391e+00 5.040196400000000132e+00 5.802570300000000181e+00 6.337310000000000443e+00 7.369710999999999679e+00 7.904885000000000161e+00 8.517649999999999721e+00 9.291145000000000209e+00 1.247831599999999952e+01 6.548486999999999725e+00 5.498372599999999721e+00 1.046089899999999950e+01 1.015747900000000037e+01 9.657406999999999186e+00 9.813193999999999306e+00 1.018354399999999949e+01 1.029049000000000014e+01 1.199289899999999953e+01
